-1.49632835809593 1.60484074347739 1
0.235696623962973 1.91893762172939 1
-0.558008191744735 1.04745148731188 1
1.11566152382366 0.560684956139464 1
-0.70257855642135 0.741888805571379 1
0.897043356047352 2.31672909125275 1
0.490127067060949 1.5931909012764 1
0.949763410570947 1.46836564384894 1
-0.401441885087596 1.95046110355977 1
-0.272704906456363 2.53885859524905 1
1.28274901509325 2.10328156609562 1
-0.0903402109394251 0.649800266127744 1
-0.708389612691233 1.79816747609544 1
1.16805916812213 3.12978961879776 1
-0.519384745818668 0.926241962045043 1
1.19712585526621 2.72984207244564 1
0.162035684307665 2.30648120886273 1
0.688843003812844 2.72762407177813 1
0.509866914331641 2.69743906172137 1
-2.33798903169577 1.06020019619367 1
-1.72531257482598 0.222926718252562 1
1.44971427617021 1.3860547970032 1
1.26368887307323 0.567989298111102 1
0.484950125715596 3.55332544776596 1
-0.32845825614124 1.75971277675361 1
-0.0108456183323325 2.07784101946375 1
0.621943945064934 1.93341555518961 1
0.708995500590117 3.93621994083081 1
-0.911593908698508 2.03646090053935 1
1.74236563835042 1.6863217471344 1
0.356361493224038 3.44027703372046 1
0.24318426759507 1.98623246712033 1
-0.291034568846709 0.135791664266977 1
-0.646938613495057 3.09552073336887 1
-0.987075875013845 2.65934522256398 1
-2.72650232444405 1.20794667545957 1
3.08090975296735 2.7694730182025 1
0.668692550426503 2.72554842059256 1
1.01423754227761 2.10186289676463 1
-1.00231336462322 0.233115912668486 1
2.03944498363909 1.36532162507252 1
-1.51800869976255 2.911052615139 1
-0.00576239772474935 1.78448450351661 1
-0.934602871353942 1.87015006845504 1
-0.0406546605603916 1.99760555171987 1
0.0160048518641902 2.67118926630862 1
0.266767175855027 1.82578009468412 1
1.31761635275752 2.44937585602357 1
1.59774238377446 3.28729796635014 1
-0.449422129108752 2.83132341601528 1
1.11487378758333 4.64882122524542 1
-0.634558102328599 1.10857245069529 1
0.443074211200766 0.507526360524739 1
-0.0339467734599397 2.19377313870783 1
-1.22739070637783 1.98536509818916 1
-1.13511422545882 2.67550414676257 1
-0.0444295445532241 2.67815319891765 1
0.866273057522551 1.75784978733368 1
-0.747348738270752 3.5374637806658 1
-0.959466473830845 3.41058940965874 1
-1.72196084373257 2.97746510285203 1
1.14386508460894 1.80183201804378 1
0.193530900735882 3.27482508722478 1
-0.161793293000105 2.39307210887985 1
1.51385019155848 0.474965924207651 1
-1.03806603527891 1.36438044958991 1
1.42734426128639 0.865353278126356 1
0.939172024340885 2.19312164273983 1
2.62706321958435 2.15855332647578 1
0.0505230160280703 2.24330742247843 1
-0.128961100999119 -0.276289714204196 1
-0.92855418611253 1.85269628625862 1
0.679595520520873 1.71125568731052 1
-0.984058548143884 1.61330502442704 1
0.539650445377657 1.99975249881989 1
0.452813959342959 2.89215549716736 1
0.0468816729126491 0.472793139681408 1
-0.21788815843879 0.493714595789712 1
-0.288391662743561 2.53135839776755 1
0.964232209129173 1.43851920171426 1
0.224563921408834 2.06630204931923 1
-0.14938142431485 2.47408203815761 1
-0.389504726795891 1.45090345756423 1
2.62569905005222 1.97899034418929 1
-0.743030762916864 1.17501585998589 1
-0.0158630910356928 1.90496962964406 1
-0.425684960164278 0.793100352467687 1
-0.112708906705858 0.774759701772367 1
0.154702329260618 1.80607112510944 1
0.342150656559086 2.44497792159535 1
-0.091903693098222 1.61575051241309 1
0.176186724346139 0.577126294784363 1
-0.321759998188859 2.74022213502227 1
-1.74439345202045 3.69114676547285 1
-0.730309588519414 1.00573499517567 1
1.10916539763648 4.02274980083095 1
0.194831712289307 2.30068538995949 1
2.29954147575879 1.91338552055862 1
0.437779910757159 3.24926441574051 1
-0.00604961460296377 3.51769781206362 1
0.944476563979569 1.43237985366077 1
0.176184811297868 1.88177222709114 1
-1.10695439280474 2.71566177063961 1
-1.52147721578704 0.7276589321478 1
-0.316140654400831 1.63148045092915 1
0.144481910997006 1.13771351156984 1
-2.15678300325745 1.05373095950111 1
0.801398030918566 1.10521971184123 1
1.36376389266542 2.69299895813169 1
-0.145234262724329 2.0369920263829 1
-0.576856723748777 2.75399836649386 1
0.883646056290521 1.20403492282945 1
-0.604341668454411 1.51746689071461 1
1.39060959505714 2.05015923651741 1
-1.02303230383135 2.10646530881732 1
0.722578680672624 1.8119116237791 1
-0.631676788042253 2.85090200845715 1
-0.372691389423255 2.87246584007502 1
-1.91487253486612 2.29069063225284 1
1.03219499218638 1.29598816959458 1
-0.573889842392321 0.898001737756888 1
1.15561254949886 0.684567125054534 1
2.29804737576111 1.16796910039158 1
-0.290608025422917 0.265195615490694 1
-0.319503512947069 2.29521532672297 1
0.407433226088366 2.55690391577432 1
0.0703672312076316 1.73200247505875 1
-1.03724121359372 1.86641500585475 1
-0.470834046645711 1.84770044899791 1
0.0196357372292462 4.69484914984636 1
-0.890434296368634 1.62612305432069 1
0.0201203682062068 2.22176391726727 1
-0.828093220832387 0.839606914890198 1
0.744554925502149 4.93001074219573 1
0.397406239913932 1.44853036869842 1
-2.50510651248987 2.79941243510259 1
-1.47125962490873 2.51404546529921 1
1.1698216243847 1.90448864660137 1
0.936904799530758 1.95742337755079 1
0.198120129346056 1.52899186105768 1
-1.08850064753376 2.17017204498073 1
1.49649720801162 1.41681950425166 1
-0.269171499428297 2.42179293561797 1
0.523948204812227 1.48671978351993 1
0.472054171676152 1.23453778967511 1
-0.537265794038377 3.17195955873745 1
0.888476202875451 2.52717602292403 1
0.823203287210135 1.48875660587313 1
0.106943974834969 1.70201524569247 1
0.0965730516461933 1.61671009890661 1
-1.56085288105888 2.50060988045068 1
0.627747658521298 2.93555210550821 1
-0.341918909896067 1.33049276844267 1
-0.227027114859055 1.70317671785632 1
0.362968061751933 2.51993543262752 1
0.0438658561276052 1.43564049238215 1
-1.9316066595465 3.55173953058186 1
0.0146024859917238 4.06134843740649 1
0.290048223555571 -0.218370502620854 1
-1.07659685970737 1.68625579025221 1
2.70619506413193 1.15131375017913 1
0.0308167408738285 2.2392915311821 1
-1.22622829061786 0.689084876522181 1
-0.25935141382197 0.677560097724189 1
0.551216380205525 2.0943495890727 1
-1.61107945015229 2.48687198480152 1
-0.398034904942652 1.83091495946784 1
-0.350983627540749 1.79265626122345 1
-0.193001858892989 3.52511059114274 1
-0.47804952515562 1.55647273084983 1
0.769238264777258 1.8880847423932 1
-1.41117767917312 4.41327249547613 1
-1.41197438321602 1.88501825363864 1
-0.932460629512032 2.68690096850604 1
-0.0360770653072612 0.285496667015885 1
0.0936954823075894 2.76448848801417 1
-0.349295993983778 -0.609563537376104 1
-1.64935548843792 2.64815037899693 1
-0.192249195986008 1.1161018531097 1
0.513502574277685 2.10275368365515 1
0.585468626481705 1.69462377517796 1
-0.0285053931076044 2.62936710056638 1
0.499100924970509 2.35423971029205 1
2.52379206917152 2.7184290541961 1
0.708114038176669 1.21551797728005 1
-1.0148828249998 0.131442511824542 1
-0.42441656477501 2.73251808265973 1
0.69258810515486 3.22767447820156 1
1.90097471441179 1.11035802764468 1
1.18866975114397 1.82450304099601 1
0.836404206454272 0.960036608073148 1
1.73362765476033 2.58291383650658 1
0.544550020800254 2.4835168789034 1
1.45368133768504 2.39786702256589 1
-0.379894684567365 3.62600561103567 1
-1.07416995964986 1.17995628011593 1
0.221252598142146 0.987112082824364 1
-0.457796870636587 -0.705732973383428 1
0.362578510042736 1.49095720776012 1
0.903473823060664 3.67910634826102 1
-1.45115358709189 3.07575207314031 1
0.108216931680848 3.44906242835041 1
-0.24306612727792 2.02746325390773 1
0.369324042440407 2.0158168950189 1
0.42883508322191 3.12865604378643 1
0.621375667706286 1.77413103155298 1
-0.403876168255716 4.13594839013215 1
-0.174396520107602 2.00538598933622 1
-0.261508049498194 1.61400917937942 1
0.949998698749626 2.28326588523042 1
1.15391615975942 4.09992224153953 1
-0.867081029158171 2.27241113192267 1
0.0386574974135094 1.49924542096598 1
-0.687520342343474 3.0307686768047 1
-1.99527857351045 1.80481298458316 1
0.871466609792724 2.56976750042241 1
1.0300093938197 2.40501192254071 1
-0.798247816545013 3.63001340747521 1
-0.567707560469696 1.76770786392853 1
-0.144772019897591 2.44920054802418 1
-1.59810449726596 2.67309333970026 1
-1.558231428731 1.67161101150595 1
1.22047111799441 1.00666264481516 1
-1.15087041989025 1.88131943298589 1
-0.614298857187705 -0.527386969391391 1
-1.3978305249809 1.38962119693629 1
0.660571903839919 3.51422237529363 1
-0.295879062522692 1.76263159279031 1
-0.189945618746638 0.66167029257866 1
0.815682528005604 0.617317628914784 1
-1.09792447937801 1.61354831412974 1
-1.74834926888091 1.78196707088222 1
-0.914823787874478 2.18359829885878 1
-0.844818996318409 2.61595844836363 1
-1.17755427765176 2.48751891738563 1
0.44381725302363 2.14081180519431 1
1.78478831379401 2.89166849471322 1
0.155019869158144 2.4866642426644 1
1.20819956209356 1.15848451158289 1
0.496350901037876 2.81707756173132 1
1.20386309247922 0.596839250868672 1
0.449644361732436 2.49263720095018 1
0.115485604571898 2.91232601356129 1
-0.352933575660517 0.909090074931485 1
0.658825857286455 2.18605777172821 1
0.15549903766914 1.99005528436825 1
-0.422460607188027 1.6827884342603 1
-0.119286584487775 1.7580994537873 1
-1.27507777223538 3.21377852648882 1
-0.118385898900691 2.26989779938781 1
0.292387583896107 1.93206347427102 1
-0.245542097904528 1.94878019584476 1
0.174408407521462 2.28367623825344 1
0.950865193419056 1.76785983423311 1
-0.0762589263768813 1.98785480264299 1
-0.814277134452361 3.99593055591641 1
0.971772519025448 1.66084318248757 1
1.11588748434327 1.39423581978475 1
1.01410857503783 -1.81408940103193 2
0.104391947622838 -3.09059037130059 2
-0.700271211334266 -0.21639156933377 2
1.04131739958532 1.05527706701202 2
0.824264898861038 0.0203937125290772 2
-0.202737161181749 -0.919946128757481 2
-0.272763329422553 -0.779581824885829 2
1.13749984336027 -0.736998995784072 2
0.433861079805778 -0.855071118347669 2
0.893695757534235 -0.609941279000425 2
-0.290527789952689 -1.63787068305931 2
1.04000630243533 0.482751095184347 2
0.0672359389336789 -0.306827020049982 2
-0.106705962349089 -1.41249065904674 2
-1.02455372122141 -0.0105632962358652 2
-1.39148175768364 0.519030770294243 2
1.00767233131191 0.588231098388036 2
-0.462497975226714 0.189638569067295 2
-2.49138054580929 -0.488694886927816 2
-1.36964550630033 0.218551908619436 2
1.53222445191324 -1.98495869863131 2
1.57924022384919 -1.07884568660469 2
-0.880906293124161 -0.735726446363131 2
-0.0562972775510484 -1.17024754244653 2
-0.751802965233581 -1.2708834051499 2
-1.18674302947619 -0.443729483822367 2
0.167099161150777 0.370670769594332 2
-0.48734116639595 -0.549113315871064 2
-0.656429890545097 -2.0465882886862 2
-0.152479802319516 -0.568247692098748 2
-0.214170280830237 0.283368806980384 2
1.26777649608201 -0.586620199141159 2
0.144614493980314 -2.24609734811456 2
-1.34362016467848 -0.191659591711499 2
-1.12436912765852 -0.265750236717533 2
0.211600122153597 0.227443415206083 2
-0.853877798435755 -0.497082443353829 2
1.04037958979724 -1.15521079872247 2
1.69782879742379 -0.272971763174325 2
-1.8699488097985 -0.663163121567839 2
-1.59091329273116 -0.663902526950093 2
0.537375618775043 -1.3624699811822 2
0.215611846653925 -0.534795362418293 2
-1.50803113588041 -0.980702955491523 2
-0.455403718210505 -0.0326201293974772 2
0.200533846281408 -0.233140268095 2
0.423296752584903 -2.23181704568468 2
-1.21010667570225 1.36405749892499 2
-0.0923968404539557 -0.260204629418984 2
-0.268551890078702 -1.6515980404387 2
0.414606956940684 -0.0923714691005263 2
-0.799323770757243 0.668420847795056 2
0.132244492552639 -1.1945558575793 2
-0.0909904303677094 -0.575653088060988 2
-0.0989146500205653 -0.837080563860458 2
-0.644485131205213 0.84771007003277 2
0.976920463221766 -1.61744633853569 2
1.22387513141327 -1.29406212036181 2
1.56925992989108 0.0574657840096902 2
-0.83868530667112 -0.786526304588341 2
-0.276103819246073 -0.26104509442562 2
0.972935578931496 -0.26448566673599 2
-1.62772298630427 -2.84792625741387 2
1.43777148404234 -0.104416406282523 2
-0.0801616590704262 -2.56985498612138 2
0.419701075514933 0.41795093518953 2
0.700493546583457 -0.259400700800252 2
0.324916996926557 1.14187131398053 2
0.178027283353607 0.0970552139950658 2
-0.460938106456442 -0.89672354245696 2
0.214058168336727 -2.47620543913509 2
-0.0658846503923317 -2.30146754138435 2
-0.472687035603352 -2.02216032067883 2
0.104483722791062 -2.74039005097865 2
0.288232370142684 -1.4737541517376 2
0.175803129271011 -0.884223451174242 2
-0.0358822367776384 -2.19078139149388 2
0.257205611981691 -2.3861245980835 2
0.768294956625567 -1.5195572945179 2
-1.07845167740605 -1.74869622521327 2
1.16000278860985 -0.716705173997985 2
-0.354015919246433 -2.42659242066753 2
-0.890583968535541 -0.337612035977027 2
0.22270540524535 -0.189467647920738 2
-1.21399426315127 -0.552433251803878 2
0.706492986044381 -1.12009268636556 2
-1.50417859099599 -0.807828019964532 2
-0.10392617971774 -0.618964113262866 2
1.09117825264785 -1.9954184097715 2
-0.745148926002988 -1.64170688580863 2
0.167545190400976 -0.250935146097021 2
-0.681860674448371 -2.40397747463944 2
0.779004873352938 -1.42052824344309 2
0.97264052256195 0.498266850356395 2
-0.541559330789891 -0.774861666797214 2
-0.384715780912826 -0.326696670590947 2
0.590362370555954 -1.05600345798845 2
-0.108870692297224 -1.17005236144065 2
0.043871176197313 -1.9161259010837 2
-1.02375962565728 -1.44622505317222 2
-0.768775566541484 -0.26715532028277 2
0.361026772961705 -0.276240613171864 2
-1.49515272213508 -2.14621796434834 2
-0.380957999557117 -2.11976820745591 2
-0.455850714769227 -0.404540854920696 2
0.814128638927368 -1.56907415495015 2
-0.757411050070058 -1.0285110238671 2
0.250024340151904 -0.375189432143313 2
0.120611080982558 -1.90738759894125 2
-1.06952955048658 -1.05506594039553 2
-0.994459507893527 -1.95043752462035 2
1.36688140961057 -1.21195859296285 2
0.140247332079622 -1.5141846576845 2
-0.7561289739181 -0.625286203700376 2
-0.800261409976624 -0.569517751798651 2
0.879134105005394 -0.496984093129837 2
-0.323240046436376 -0.377674774004233 2
-0.093101100165588 -2.54532671974484 2
-1.66510845619229 -0.271790316422547 2
0.344609094442438 -1.35377674216252 2
0.235045632767208 -2.02945977705448 2
1.03626039939458 -1.34054956881144 2
1.21555977468742 -0.462622388825587 2
-1.1156135501161 -0.404047792477723 2
-0.306537560417306 -2.70020089057956 2
-1.07041467693963 -1.64568820247201 2
-1.38869463968039 -0.612175022497326 2
-1.34803318272627 -1.15105571196322 2
-2.10861244112682 0.306571196543793 2
-0.0789120380806728 -1.44935457411665 2
1.64830613182747 0.130214087085989 2
-1.38070924126254 -1.43697833071173 2
-0.00422150316334219 -2.8521231263364 2
-0.509442984236703 -0.913202312268629 2
-1.17937380831608 -1.06828725825679 2
0.486546973777725 -2.2417018558535 2
-1.64564633547813 -1.24291030076881 2
0.989016861753471 -0.488747042794251 2
0.33988500832748 -0.775026798775837 2
2.92694518873049 -1.7920259298114 2
0.193705892118365 -1.5583696013606 2
-0.493646048769797 -1.92066606248424 2
0.128187721854599 -2.17406487164316 2
0.334024785916339 -0.89216998918696 2
1.40518556108721 -0.499143428938331 2
-0.292674039337148 -0.0685119873566166 2
0.546377219786764 -1.9221167187767 2
0.68264134522272 0.49880174919943 2
0.60045440636144 -0.996399235400589 2
-0.549670621651244 -2.71385221206061 2
0.300476992362684 -0.999030317752899 2
0.572516846526681 -1.13179795206089 2
-1.54818432763915 -2.16495332968514 2
0.946932339126658 -1.26838162694624 2
0.603854218842386 -0.452277695244647 2
0.613936117286585 -1.72077758992571 2
1.10001302903248 -1.13883661449874 2
-0.0893989950946726 -1.5690630096104 2
0.325697871437168 -0.966509051307295 2
0.0990853081812154 -1.42794156046143 2
0.653760734162332 -1.06910872969904 2
-1.44775089487196 -1.06666591852211 2
-0.522993197408229 0.183843303907776 2
-1.22523862511658 -0.154377749629461 2
1.9234492809395 -1.69219369275152 2
0.200073727284575 -2.54116786733388 2
2.20444783666969 0.0787540089357959 2
-0.225950873340416 -0.266051105476539 2
1.63135979699111 -0.501511608484592 2
-1.01583082572478 -1.02286826883836 2
-1.18136837407338 -2.32608769194693 2
-1.22461186806329 -0.0943309550939195 2
1.06986349084295 -1.27217419176946 2
1.2902384176137 -2.52723778726148 2
0.106788381794694 -0.449471803268842 2
0.117261265755642 0.435193426505979 2
0.751654651464394 -1.54171997790329 2
-0.866986083316582 -0.645605098512251 2
-1.02276204824039 0.33542821567288 2
-0.286460209979606 -0.509604243011989 2
-2.61711704527564 -0.771348322772744 2
-0.107912925550185 -0.943330780637683 2
2.05113945101305 -0.0775063401443695 2
-2.20356022861658 -1.45158846162789 2
0.608072571267371 -1.02920615260557 2
-0.39827148055315 -1.62820674544386 2
0.0685847748837568 -1.43977421861972 2
-0.139478327811368 -1.08454384704964 2
-0.119725696294496 -0.90674035578881 2
0.575434632133455 0.461617992254343 2
0.00065285569835513 -1.18144335391515 2
1.21956793078621 -0.472776659984441 2
0.115271104337146 -2.44898110473845 2
-1.43534947037722 -0.558542887905724 2
0.117914186154277 -1.44594408294885 2
0.0675741967186981 -2.36438320027329 2
0.136380004213865 0.568537060580548 2
0.262992545851676 -1.64815676580903 2
-0.29741556641467 -0.573258283958816 2
0.655742954367256 -0.469724795918986 2
0.65645615513784 -0.652888587494067 2
0.828902488483721 0.463077089899885 2
0.670962353977437 -1.63189325679973 2
-1.19112201770102 -0.169639725155638 2
0.252204898953809 -0.999849692750742 2
-1.83286695319186 -0.732720952302477 2
1.03981809028019 -0.0371724780842367 2
-0.40071105828409 -1.83103367905796 2
-1.97535269180418 0.129955949449408 2
0.464226913016364 -0.221442102012601 2
0.722915252904953 -1.45890793337221 2
1.99021810310044 -2.59947232005565 2
-0.789667273011288 0.482058545533939 2
0.516926832755817 -1.700687569044 2
2.13292447836223 0.680828064478048 2
-0.915373376741908 0.193074333876033 2
0.622552088805815 -1.84149822367935 2
-0.66643362752613 -0.549149720426444 2
-1.03573228961609 -1.76406190675581 2
-0.28706763872125 -0.011954053345068 2
-0.512111266524272 -0.341463047710704 2
-1.2894688888393 -0.0424948617025329 2
1.91345398006612 -0.307526122318872 2
-1.0185904983858 -0.182018731328215 2
0.107931984100868 0.80583628315003 2
-1.13253039184574 -1.08464447685285 2
0.168625040916148 -0.354644197986325 2
0.0586654148324782 -1.58767766382611 2
-0.485863636924749 -0.29728935527393 2
0.545215324276937 -1.3699069319119 2
-0.909157471772665 0.711875785896342 2
-0.32970726275993 -2.80078405305498 2
0.437606905482719 0.256831289885053 2
-0.448829029397343 -1.44214740990436 2
0.247747787096545 -1.32559243910227 2
0.746612528438805 -1.54324201251844 2
-0.661390204680406 0.562564482011599 2
0.500816777032303 -0.963046309637386 2
0.929468919362401 -0.0677090858308332 2
0.0750810424728226 -0.618575892923488 2
-1.09267997742822 -1.61160454278777 2
1.47198735998391 -0.813122573409085 2
