2.73501966257573 0.881393794949088 1
0.910124065570322 2.1727177819442 1
0.407279444081529 1.40819123850869 1
0.758973095169277 3.57619803452494 1
-0.0668999762825196 1.62910753390159 1
-0.276072866875741 0.163180356764949 1
-0.681319270834955 2.65682780070225 1
-0.352231415356216 0.878111138709705 1
1.35868387038079 2.26935101926594 1
-0.660594082145348 2.18048413711395 1
-2.40813789685943 1.58768191141598 1
-1.06556123305667 2.42358154743614 1
-0.843832956264321 2.21280638876047 1
1.45347437636512 2.88627509257268 1
0.40298769949331 1.0845224818711 1
-0.122393284619606 2.56681959206849 1
-1.27552939574519 0.967376365042032 1
-0.848809004304704 4.47333781286768 1
-0.520459656695671 1.62666475701737 1
1.09585031151497 1.60698807033185 1
-2.08358651068776 2.2773943569944 1
-0.35523317471448 2.3869525571424 1
1.30729902073063 1.53215934111756 1
0.467092093464353 -0.651381040588422 2
0.124864825972256 -0.484517062337081 2
0.397631593963637 -0.109101928392735 2
0.784369848780195 0.326014705185565 2
-3.46188457512646 -0.0578697290052895 2
1.19666347957316 -1.32088930178944 2
0.496856258630806 -2.52816121368779 2
-0.868750284661787 -1.56641876016969 2
-0.970701994741557 -0.832263829705954 2
1.12621189805952 -0.044172647511894 2
0.318164053319237 -1.53379110074021 2
-0.42431111357128 -1.21175235100427 2
2.00510388511699 -1.67590070092242 2
0.95676156784295 0.751631466291484 2
1.3725534410232 -1.13445891413064 2
0.196149836651799 -0.576863913654085 2
-1.84847628273757 0.817560391749867 2
