-1.0470227067668 1.34534793286454 1
0.266612859579305 1.41196819858025 1
0.812096097633695 2.64296367289378 1
-1.08479720878302 1.61234089982004 1
-0.198700470378155 2.34068188472479 1
0.99289882287137 4.24610676442723 1
-0.698751862818265 1.16095438906914 1
-0.57835145238857 1.10006632063962 1
-2.54568638280478 2.20289891474373 1
-1.32368666154473 3.98694165174751 1
0.826124324202028 2.87626220345405 1
-0.21017483852135 1.75592587813699 1
-0.252241775011262 1.40413366713082 1
-1.03405582787587 1.04329960710105 1
-1.21058285562523 2.86811652038397 1
-1.67990327360371 2.12224028570716 1
0.11671003602149 2.66867216038285 1
-0.240324942750556 2.00414722865292 1
-1.81593798431395 1.79679198833037 1
0.095948902948901 4.00389228593522 1
-0.441076637726457 2.13193488849046 1
-0.269618150462781 1.34588555590759 1
-2.58001298034605 1.16389054606418 1
-0.382808738711164 5.0658337275906 1
-1.06467479214585 3.3657152660416 1
1.27201591860187 0.910193881481469 1
0.46402523910718 1.63800482189375 1
0.957403702809112 2.01762525934065 1
-0.569374017804465 2.64937605439578 1
-1.1384349817856 2.85401539479541 1
-0.9203865861783 4.67797689813021 1
0.531557339144742 2.55909803058453 1
-0.0703622301155082 2.73939637864135 1
0.807300593655051 1.1351857196425 1
1.26630227423047 0.217343926965615 1
-0.00765312695204533 2.64611545801925 1
-1.07736430445658 1.37384848944082 1
0.124303449594409 0.491905208921742 1
-2.47237216694718 -0.459495973672613 1
1.21791626361584 2.87825690388901 1
0.953350081268444 -0.265451683821097 1
0.890400707518693 2.25270175903774 1
0.0897203508764929 0.891800212831137 1
0.517064876531214 3.24062040536079 1
-1.50752237377588 2.2809976804992 1
-0.0124234494368354 3.02116678904687 1
1.32478570356823 3.46027786286746 1
-0.630802004517633 0.779137409256927 1
1.98691323865009 1.48987336422105 1
0.388900456130328 2.56338600671448 1
-0.425044298148429 3.48127556827671 1
1.2767421459823 2.69807680610502 1
0.111410044985609 1.34381065663849 1
0.447315396294756 1.8631575139543 1
0.0286767803456634 1.75105782206443 1
-1.07654482429702 2.98616333276668 1
-1.17417943578231 0.559924324803994 1
-0.974957305866094 2.0723565729118 1
-1.63692688996841 1.34090145858916 1
-0.895825349795457 3.49029272695427 1
0.0655913513978732 1.02913071410444 1
1.69315304323197 2.79706601265991 1
-1.95345409667536 2.58155300564717 1
0.727841494206755 1.56415041635411 1
2.65936173552707 1.95737772958376 1
-0.133324924140781 1.15203130465101 1
0.325757492466706 2.45240799479341 1
-0.404556969699261 1.60826513445184 1
-0.929574274983586 1.05150217226379 1
0.573347008305511 1.8193811609988 1
0.912435166290142 0.00670720192542951 1
1.34296519637645 0.309640158221009 1
-0.420980084699687 1.61488682897198 1
0.308284596028673 2.33471201973039 1
2.17553826291281 3.76429307743044 1
-0.749556528135607 1.58990504110192 1
1.64899395953376 1.57104960210138 1
0.260532317105404 0.801425588622958 1
-0.0592921907310551 -0.1841615368315 1
0.611219711301517 0.378250772546706 1
-0.526029746911368 -0.173509542679238 1
-0.223965257380551 1.49930067926038 1
0.0106814534745723 2.87166433088897 1
0.66210469636656 1.89411591130353 1
-1.22554308108758 0.965842881991925 1
-0.940668292415401 2.51340804341687 1
1.18151479153359 -0.343870981567118 1
-0.440515347063152 0.834105749307852 1
0.574549008183496 2.63823537499266 1
0.0626126001268902 2.56801557577073 1
-1.46568492552532 1.41797371270709 1
-0.0418723438981317 1.92762788597676 1
2.10759750271002 2.11124522827411 1
1.53163146592452 1.80805076991225 1
1.52116387501894 1.5346443457055 1
-1.23022265405107 3.84139849808464 1
0.706862174087392 2.8220996907178 1
-0.200577324467979 1.87057167264342 1
-1.20043575389674 1.83482322549377 1
-0.770528353027855 2.943526364089 1
1.04950489528322 2.96195957099327 1
-0.482555567878563 0.756945481330189 1
0.220886759523833 2.73976191182139 1
-0.96104876636915 0.915614207065553 1
-0.618212571045867 2.71801736012385 1
0.687142625108512 1.62395558741158 1
-0.530562660454498 0.20569022774138 1
-0.444531556854573 3.19411933282161 1
-0.950351092668914 1.12572454232136 1
-0.839691879475882 2.54743395927472 1
0.13178799382252 0.533030338166395 1
-0.0148854534929246 2.88265502327154 1
0.638858605406828 1.4552683562886 1
-0.179037459600752 3.35385459531261 1
-2.61079415748517 1.3804334567982 1
0.543450460250426 1.85269793379715 1
-0.0774798319413809 3.04179913896686 1
1.33155718335868 3.0671955227085 1
1.16188857482575 2.08292624568323 1
0.40373286498473 1.85791240430829 1
-0.0922550529636945 1.89889714543321 1
1.27065653214313 2.30200796116267 1
-1.94283589626697 2.68059627234941 1
0.195843460699758 1.82412610819155 1
0.64734723126843 0.404210539575594 1
-0.142150735750439 1.44097841833846 1
0.159486371207539 0.620366299231828 1
2.35763815964321 2.78451210288214 1
0.0624136083422548 0.521759005978943 1
0.0536108120119175 2.15568274735361 1
-0.0684633156588917 2.23789614565017 1
-0.22237647466902 3.65958407191853 1
1.40577143934818 2.00819892215133 1
1.04826695279689 2.54404322767631 1
0.627109890973045 2.28422796747241 1
-0.734393723206743 3.11879907779204 1
0.689851258259793 2.43510282766163 1
2.08368821298271 1.80019186937357 1
-0.531195052688142 2.93827958558598 1
-1.08285931160613 2.38589443326309 1
-0.0110636555509152 3.16000814788583 1
-1.05463210838914 2.46135759781776 1
3.07885204044498 1.77477507702104 1
-0.744419039605708 1.70156475942562 1
-0.312437024496063 2.50406725116066 1
-0.2160310037291 0.531233100943795 1
-0.276746381674819 1.56543365374396 1
1.06691641702465 0.728409034967261 1
1.18647116339889 1.50830317299798 1
0.737368640759292 -0.122365305805085 1
-2.29844829688444 2.25074102730497 1
-1.21063399033022 0.910700724200981 1
1.46860732317551 1.20291563846998 1
0.560157119308297 2.44294790996051 1
1.87753098238427 2.71130919747576 1
0.475737675085059 1.57695535408938 1
0.472772265888708 2.6405047610925 1
-0.853248332733759 -0.363055832639089 1
-1.46731856302849 1.66292283329516 1
-1.50727056770986 0.63749477972081 1
-0.702311714415517 1.15065707589504 1
-1.75137083827582 0.656403087923616 1
1.26566997076987 1.67839337971005 1
-0.448667938117757 3.43281028008983 1
-1.16329623117848 1.46142153090793 1
-0.967387435281511 1.02013214627437 1
-1.01137237541449 2.48239952265489 1
0.00880889357650925 2.01800572306009 1
0.206234075867681 2.04082253563919 1
-0.353763217593268 2.94511188592049 1
2.32787581229439 3.34874296221384 1
-0.504926967132098 2.27467192992019 1
-0.0385432237944205 2.19943605808172 1
-0.0922790845776825 1.082781186686 1
-0.260802386089395 1.85282212945353 1
-0.244409909416427 1.18324011276544 1
-2.99282903319193 2.07589691246193 1
-1.12466595649242 3.32040572116447 1
-0.588911423344415 3.3560911148301 1
0.845065434789901 1.42772492805463 1
0.915476668211587 1.88583089591964 1
0.117994430910282 1.94452652132814 1
-0.732697141305536 1.78912098933888 1
0.285305200682975 0.40085283091126 1
-1.50847730379717 3.06687736248132 1
-0.730173134099877 2.25306494902481 1
1.56987413197261 2.52402701657491 1
-0.289884290283066 2.77345094515652 1
-0.511822472496474 1.01850385046153 1
0.0566754181653433 1.57254653721775 1
-0.00635034889229252 1.28899238152291 1
0.195345675634669 2.04720862849885 1
0.2053430544428 1.85988566258173 1
1.56450565032386 2.86642923894174 1
-1.12954865383869 2.57164788184525 1
-0.790606737462968 3.18460503642806 1
1.78339870681898 0.738243042155428 1
-0.398669681028437 0.455996184291018 1
-0.892533163239862 1.10451758294504 1
-0.601273635774825 1.28943344044953 1
-0.0821725774520465 1.7988450109173 1
-1.16163820249689 1.02472481643915 1
-0.156291234974649 2.07476685882229 1
0.102619657845167 2.09137908799379 1
1.07340665368814 1.73873029132665 1
-1.2335597322438 2.17505706133448 1
1.39651373069286 3.75357265077374 1
-0.420250668855725 -0.861255070269353 1
-0.610826165928902 0.656140296515248 1
0.855902116644915 2.03094637193022 1
-0.108501046017179 1.84023849364752 1
-0.133232670933424 1.51066496363285 1
-0.421853445977651 1.86864150135858 1
0.64812597347584 2.85530998893464 1
-0.846451358763678 2.43778021113239 1
1.49770419286256 2.13561763517834 1
-1.49940331728527 3.54418797788491 1
0.39284000247976 2.44088234295498 1
0.010074268996076 2.07538962490017 1
-0.920362248789801 1.68801525871539 1
0.53772523468349 0.943651048607401 1
0.0454674120965026 2.43700833804538 1
0.486909262197552 2.70575962382179 1
0.481557876183545 1.86367825156135 1
-0.481153774926659 1.41512933063674 1
-0.348925282425144 3.15212637147493 1
-0.0799637147071915 2.04829127792244 1
-1.5362158170728 2.21916876390022 1
-0.949898884888006 3.39480701582109 1
0.317850780514614 0.656180269738908 1
-0.868939451038044 3.8195024046865 1
-0.835884844245785 2.42945086950014 1
1.17845916004293 2.76632419761903 1
-0.549586246413867 2.56533564159514 1
-0.789231205167101 2.3474695449459 1
-0.19448819057976 4.34377577020873 1
-0.68074908346221 0.571668068560934 1
-1.34100359345347 1.55084802623155 1
-1.25736677911143 3.03495737381433 1
1.55661857750915 3.40162197641142 1
-0.586570556791864 2.85786968278923 1
1.82595830565982 2.30330680679867 1
0.16426154419247 1.94883811855155 1
2.30376658715222 2.02690948445646 1
-0.955919073272462 2.10028470850026 1
0.238212382069634 3.55292330546048 1
-0.00109760334159968 1.58788234216553 1
0.0708641471772213 2.37027072445896 1
-0.227465977824012 2.1625668684247 1
0.190735869660688 1.76827059359786 1
0.564309118084636 1.27897006134999 1
0.0723281941164988 2.83385861833292 1
-0.0520559319229178 2.30160224686643 1
-0.142348688479686 0.630101526658218 1
-0.699173497029565 1.87780973640162 1
-0.724043973784844 0.251461431471402 1
0.755524743638718 2.98541983507248 1
0.00699334843243511 0.621508417646217 1
-0.862091842469753 2.01287462043353 1
1.95294836715576 1.08368425343143 1
0.114251457290056 1.56303605781586 1
0.286373822563536 2.89787670047928 1
-0.916396946307197 1.70798867392034 1
0.328279110289461 2.27192127644343 1
-1.79689828952225 2.19376402191485 1
0.325335731185008 2.8577783785635 1
-1.16304970629358 2.06523569222374 1
-1.23033472577195 -0.224580448254488 1
-1.20121633746109 2.2583028190452 1
-0.294361323878474 0.464434871403146 1
0.0889074451895756 1.85180919588274 1
-0.461884236645963 1.11183842828678 1
0.479851678960173 2.6565251930078 1
0.123678668112938 2.5649033932804 1
2.10041569728987 2.58875824797138 1
-0.346743766607317 2.09768958124517 1
-0.145074237288156 4.40586781108717 1
0.574580035377682 2.00280049842523 1
-1.86453219016606 0.725541128275421 1
-0.249867519143568 1.6969289767053 1
-1.68127539416132 3.48926528746789 1
-1.40600670269824 1.48137280382535 1
-1.73789329882381 -0.170014192389406 1
-0.81466725014784 1.26270907277737 1
0.769879969477374 2.25195535162205 1
1.57110632717219 3.44137944190616 1
-0.293710580977081 2.72069278839993 1
-1.11570317609909 2.29182945145004 1
-0.0715607067794177 2.5891297962831 1
-0.100576571156522 0.460638398075338 1
-2.3877489682826 1.18042844637193 1
-0.108679710942809 1.14588757675613 1
-1.52562985654567 1.69486677265881 1
0.242979469720324 1.9697773719037 1
-0.426313533691854 2.01646688875838 1
-0.579902718716199 1.94341606270096 1
-1.49650118501737 2.11919739551048 1
0.446638423554818 1.13672021871357 1
-1.12629363681946 3.64140394852891 1
-0.140249841932022 2.32297798257401 1
-0.918789357365311 2.02243370802984 1
-1.06368531467347 4.64749680751013 1
0.236368126840013 3.06016843083114 1
-1.59788854610493 1.88514409795756 1
-2.42672809358536 2.53272204567618 1
0.930663467341583 2.19925055771134 1
1.09911686669527 1.74421408614264 1
1.07010018087569 2.11479333577078 1
0.41861278576301 1.30023039767456 1
0.433142127361233 2.0755224260284 1
-0.673739846557722 1.81082797373862 1
0.162296103204726 1.78074829321261 1
-0.428907526945689 1.2332413056949 1
0.10337499341272 2.6513830979497 1
0.758762048273561 0.189372705944444 1
0.998819069700585 2.92642758051171 1
0.629399339722311 3.10583881885923 1
-0.285359981187562 3.16325111165001 1
-0.606290621521351 1.43108503106437 1
0.352524232626454 3.21050339054676 1
0.909259232180356 3.04396937404157 1
0.0818929171593928 -0.92802333945194 1
0.274257511638983 2.08382727381579 1
-1.61473411058307 1.76658840282082 1
-0.589267739422378 3.49127034493158 1
-0.47810049414172 2.68742856089678 1
1.43016399703286 2.59970629771608 1
-0.761956525967168 1.73902850771783 1
0.693339305019921 1.53447229130745 1
0.0964669608404295 2.38193466961138 1
-0.0485502703935787 3.16774285041893 1
-1.57938242570292 1.88217858138435 1
0.703773910630199 2.967958571568 1
0.0170509719086655 2.13172683594048 1
-0.548605893263794 1.20963966619615 1
-0.800470878165347 0.317845139007015 1
1.28235175904437 3.04045576316522 1
-1.75837244156669 3.82264694783529 1
-0.715033707612831 2.61171333310455 1
0.0368752092727851 3.13547073400305 1
0.104027702953448 1.70070851017734 1
1.44184759387302 1.9705955212032 1
0.878970852546227 1.88842597946926 1
-1.21638513509322 2.08899854624663 1
1.16803631198226 2.83557055982284 1
0.80373215661949 1.45710473541879 1
-1.84291140780397 3.46741193372969 1
-0.802019291087461 2.51896175080065 1
1.30870881643826 1.90575944582963 1
-0.390382808607918 2.58358296254344 1
-1.0016810944859 3.99042233808107 1
-0.90704385825135 1.21342456714884 1
-0.502493800062753 1.33093773193642 1
0.683237726552119 1.8223698607852 1
-0.791308052861411 1.38279207790325 1
1.51969959406015 2.41417044708046 1
-0.0356898801030538 3.25376971973029 1
-0.983009522624119 0.836345271335949 1
-1.58701367067351 2.01514304798277 1
-1.15561932142163 1.1088873676649 1
0.983116312778933 2.29450050021008 1
0.367712596040465 0.0753116934624327 1
-0.55297831017735 2.7348018831327 1
0.501500585443987 2.37119487115344 1
-0.889326390518146 1.15704326097079 1
-0.697211134284685 0.678624025168815 1
0.44388188166288 1.6182799716077 1
2.25583986928925 2.450495418573 1
-1.18839631080881 1.40018720237188 1
-0.57084546083136 2.01582172190211 1
-0.912222543675129 2.61475991293486 1
-2.16912517951388 1.96840235172047 1
-0.155115376554888 0.670843396309965 1
-0.179809765526105 1.7913431370689 1
1.50088686550773 3.64852355622482 1
-1.21017635119304 1.87655941992119 1
-1.18900947014508 1.37263815131717 1
-0.391007244976269 1.91522881767483 1
0.934558975380578 2.78918719662148 1
-1.18427164768335 3.02915622099731 1
1.13640835355979 1.74777460507423 1
-1.26457374844724 3.27873437568002 1
0.902226380277391 1.78201821191835 1
-0.296881801119777 0.992218982488119 1
-0.215000772193711 0.368435110773468 1
-0.644796427652735 3.55007097968248 1
-0.562795842493856 2.37462851234396 1
-0.160341052037555 1.93897961446877 1
1.13549067883923 1.79338416053678 1
-0.517604105490139 2.05589503457579 1
-1.11063176827383 2.14654167677804 1
-0.434536897363909 2.68590976833371 1
-1.68778606072422 0.201007909158038 1
-1.1288642890572 3.41640028687413 1
0.685820942590282 -0.106165901431526 1
-0.863713000840894 2.85042165234591 1
1.15720027751972 2.52688869105166 1
1.15303844150217 0.822440041232368 1
1.87009453972858 1.70231611835899 1
-0.273678736614035 1.8335645221699 1
-0.284200217840168 1.4537789228985 1
0.885458292825634 2.42962879557144 1
-0.409818515875407 1.98473440778218 1
0.656597840066173 1.76465019520241 1
-1.14697982641917 2.1532234254318 1
-2.69146815314829 1.23652343509769 1
0.554517239135511 2.00505648062786 1
-0.167773636712744 3.42773318788196 1
2.62955171979218 2.55113900101877 1
0.962524784754571 2.17045259305193 1
-0.439692213332007 1.62861664944287 1
-0.754402327858953 1.1911716600747 1
0.876045912695753 2.14217728441072 1
-0.19002712527544 -1.29803689891318 1
0.907202178243162 1.43363590150473 1
-1.14703811726157 1.45595114048254 1
1.14631741785998 1.39826938877887 1
2.51961993344742 1.64708293543785 1
0.869024938104628 5.16042246216478 1
-0.761126265634608 1.66789265142287 1
0.32919104785672 3.54991909829554 1
-0.219727176178039 2.54552071241441 1
-0.384446420706133 4.12743421236278 1
1.07633546962287 0.42316346153412 1
0.631849727822971 2.68188992498464 1
-0.654268280111039 0.840954370408998 1
-0.262649265035042 1.76565045335721 1
-0.90361430282185 2.37604541736656 1
-1.29443417208033 3.16495261328376 1
0.601296672835021 2.52994635139187 1
-0.681979869931745 2.93913463628035 1
-0.261409074157452 1.96166113692105 1
-0.64432211161752 -0.80276302458212 1
1.00967160655868 0.734146893045143 1
-1.1184250853265 1.04473760410981 1
-0.711305200554171 1.34205888227408 1
-1.00200134414546 2.76867598988276 1
-0.716661558104477 1.02757699674475 1
-0.296547289223404 3.03794878792236 1
-0.0215862067329021 0.942245679391055 1
0.803661078955921 -0.990022946447596 1
1.31353759471518 1.71637511091611 1
-0.0115377472596672 3.57089519581469 1
-1.12903267642967 3.3748561721074 1
1.78265468719983 2.92100642195084 1
-0.139108704025696 0.993805049739928 1
0.0546766458876706 2.51141547831164 1
-0.580534942808267 3.26836178336358 1
0.12655510926698 1.34061329909714 1
0.309508101798341 0.754687991621694 1
1.3609857143352 1.94324148243652 1
-0.115562284597426 1.43761188772225 1
1.36690323531949 2.52214638841123 1
0.117602994959286 3.62239420885749 1
-0.441023680987059 2.0646163119218 1
1.39422693728234 4.31577350066533 1
-1.90184172576481 0.483092967457915 1
0.0269402051090687 2.53691249067493 1
0.942837566284142 1.51551982103553 1
-0.615142223725904 1.20245870769306 1
-0.935829975098311 2.45641585830036 1
-1.14166447786078 2.836111723163 1
-0.641416801410167 1.18655135592719 1
1.16493602397087 2.66308742192097 1
-1.53368051297846 2.33701092470188 1
-1.54541376714305 0.48845733563689 1
-0.592025205231063 2.20480573868702 1
-0.0900730806649157 1.6678832941689 1
1.15305880712805 3.25824013144071 1
0.458038138157686 1.13262472658664 1
1.18115049273783 2.59219600169236 1
-0.345140083837535 1.17267120477993 1
-1.68589894223625 2.99444751821857 1
1.50506309471103 1.27005377246998 1
-0.177041386820686 1.57518033608822 1
1.22785831838668 2.34589978994158 1
-0.28007047182997 1.21611075055462 1
-0.360914063321443 1.79632026093251 1
0.883299150947734 0.316098024782178 1
2.06350163892976 1.89148715274886 1
-0.68338513427303 1.36390148606576 1
0.637547388543061 0.0186230283263209 2
-1.6176731152506 -0.103555507794304 2
0.706484850390062 0.425631754862025 2
-0.00240977167390554 -0.823958015873196 2
1.06391095077783 -2.17826308107088 2
0.780308725531596 -0.0624018015731981 2
-0.434413582452489 -1.06683744611282 2
-0.255180583271524 -2.08941148245386 2
1.59741042465371 0.107763352112402 2
-0.495769830054916 -0.204485469828267 2
-1.26248001297859 -0.837257217755619 2
0.120614907479768 -1.46547342698532 2
0.0948056518838456 -1.43736182033802 2
1.13115322240399 -1.12729260515983 2
-1.24162435207915 -1.29112488427301 2
-1.13290633448387 -1.09851711002668 2
0.16879991831189 -0.887098187402335 2
-0.162229587138586 -1.43945951011958 2
-1.60565116222498 -1.71417854140444 2
1.24472235015167 0.237791163020965 2
1.5461739151949 -1.29295580844784 2
-0.944202774740236 -0.94414758040604 2
-0.0612624511159288 -0.59627889805608 2
-0.33203163751817 -3.13322221411897 2
-0.152606291769568 -0.818605664349686 2
-0.190917173975492 -1.79093148577845 2
-2.29754606540385 -0.41135144088804 2
-2.09543110353484 0.42924468725599 2
0.116958678089265 -1.82163865338451 2
0.139936537527657 -1.16146736952329 2
0.804601199892125 -0.595539258328278 2
0.89860960057492 0.218319704577616 2
-2.36850190484226 -1.79176976498419 2
1.47169635216732 -2.0056991385647 2
-0.33177558946578 -0.991788082716969 2
-0.760700077917457 -0.287758176042906 2
1.30232332526342 0.57018343248604 2
-0.874300213517288 0.621056037416145 2
-0.859232910252589 -0.0985750974463729 2
-1.1586321731193 -0.546854606098284 2
-1.01183036690251 0.695674592340823 2
0.679613031680665 -2.21056867331719 2
1.17921543898388 1.00342368099838 2
-0.275992043407273 -0.575498678456547 2
1.28953242097854 -1.57278188169473 2
1.26118589308423 -0.232613467703682 2
-0.115568405730684 0.598899740138011 2
0.300034254093389 -0.775646196680506 2
-1.97074617762601 -0.13067576639499 2
0.880410779583652 -1.3611521518737 2
0.771878445002435 -0.346849779540198 2
-0.266251925214685 -0.870594990551368 2
1.50468473491742 -1.39480583735176 2
0.462886931689553 -0.420055156145619 2
-2.35678290319353 -1.72157142606963 2
-0.198611489190391 0.209255136271417 2
1.96095980063762 -0.474366188493917 2
-0.60955135166956 -0.206909121162872 2
-0.492713637005968 -2.21498148831879 2
2.02869884302274 -1.6403166099886 2
0.189006030855162 -1.91053165187008 2
0.899887736893544 -0.583279798302298 2
0.568857041289654 -1.14103130913864 2
1.47152819459176 -1.54051611068978 2
1.593873043063 -1.30610458219554 2
1.04839781932536 -2.14526318090619 2
0.101946917685572 -0.886720873325788 2
2.02049661863735 -1.05512096288199 2
1.55830166792673 0.270130385211719 2
-1.40359479800521 -1.24612510893825 2
1.38478162109892 0.114360212830911 2
-1.58297999996042 -2.76140033542079 2
0.0571907448953793 -0.305675246218339 2
0.562593320191511 -2.21962414789528 2
-1.47733202494288 -0.232839472730419 2
0.0845272924789503 -1.77006286130476 2
-1.05400415126389 -1.02921777202325 2
0.756490297315576 -0.136543818948416 2
-0.144254935711761 0.145628301903937 2
0.80245080490651 -2.34137677241163 2
0.560113110004707 -2.124704127385 2
-0.456735100210114 -0.0991993645928557 2
-0.471375066103666 -1.64145610957356 2
-2.10936758356749 -1.39250908959933 2
-1.68812789139506 0.0598849764039318 2
0.401004118301919 -1.34374232668351 2
0.153618018137326 -2.12405425567402 2
-1.88928295144951 -1.05056406358261 2
0.311802424397077 -3.78511650201216 2
0.102558790594769 -1.99400541467414 2
-1.62214107667773 -1.72608927804121 2
0.300664070278465 0.118533479779327 2
0.0339041492491592 -3.09836936430774 2
-0.741330058680034 0.0330937454712636 2
0.876539047188709 0.346057375231922 2
0.038274873383247 0.595291801310044 2
1.05442956922972 1.04692586483698 2
-0.997699173084386 -1.08494632884812 2
2.9528525338667 -1.9280000547858 2
-0.627470955934555 -2.02885568974299 2
1.22440868660525 -1.65925204341105 2
0.237899778951863 -0.22023950668311 2
-0.988129757201475 -1.08982565955598 2
-0.350644061598196 -1.69666742994584 2
-0.66614208776154 -1.01489947057154 2
0.936831215294069 -2.53582388370492 2
-1.27314665531206 -0.195803585661827 2
-0.59945232626652 0.576756145682343 2
-1.4691776321468 -0.708550263849792 2
-1.07850510349405 -1.15891206782829 2
-1.49064676756972 0.0488740905120426 2
0.476886315968179 -1.20461072703477 2
-0.0436101693771543 -0.275669512089432 2
0.890374715629962 -0.439089604377112 2
-0.0399770735175821 -0.037688557459981 2
-0.0479621556035965 -1.42221903374542 2
-2.11479507612452 -1.52828180939124 2
-0.0932592147542618 -1.59871310646847 2
-0.273904476742549 -1.98283199434435 2
0.616510418474503 -1.31038438269948 2
0.848852230933574 -0.904472489709511 2
1.47725139831674 0.39290262529282 2
0.230642892639663 -0.288842444575914 2
0.369295451819501 -2.59798806259832 2
0.504248133095897 -2.15041066392299 2
2.31082453402027 -0.639996617611463 2
-0.152985516583923 -2.71708955924169 2
-0.77806161306293 -0.375757251860152 2
0.496408302583219 -1.36943166572518 2
-1.64147241703101 -1.70770598310222 2
-0.594887739782898 -1.67719655156386 2
0.484602469037691 0.533440623411315 2
-1.02266444741849 -1.9764458494237 2
-2.27156862071252 -1.98196164525707 2
-0.111306028400197 -1.71941271152705 2
0.570917126272613 -2.22086500547515 2
-0.72083815517697 -1.40760501609611 2
-0.0379327548881487 0.534788337405919 2
1.81194645595749 -2.31924620878335 2
0.972047514749577 -2.04926413940731 2
-0.0166444335689911 0.0372164158268 2
-0.865971303446307 -0.80631645779335 2
0.158859098611103 0.029506595734482 2
1.37900918928603 -1.0849818552995 2
-0.179460353221084 -1.43420881619608 2
0.082225352298004 -0.648362790470552 2
0.81179912624153 -1.0887475590599 2
-0.182608971352056 0.610702008892558 2
0.746274749944356 0.0408297771598989 2
-1.02722749843669 -1.60068891408659 2
-0.137139546426525 -1.50117451661569 2
0.327201524464844 0.406157007624054 2
1.34304568109359 -1.27460725205644 2
-1.10987678065543 -0.871466071368543 2
-1.55007247563865 0.0206177281572641 2
-1.56751581194102 -0.0311848628228737 2
1.4568208485997 -1.74461550406548 2
0.925181664123992 -2.41771466358311 2
2.08183620106913 -1.67063186549619 2
-1.07313232268309 0.209799770594398 2
-1.18266439002355 -0.579197212402752 2
-0.101026874418222 -1.71330717553067 2
0.77907883670557 -1.26445750557078 2
-0.0105539500216856 -2.40973598186578 2
0.465061143987256 -1.20183971890523 2
0.0845045976057668 -1.41380534186262 2
0.816869543673675 -1.04536353169518 2
0.553132687409254 -1.86505791088392 2
0.307604200465089 -0.747623647988628 2
-0.831537120194707 -3.06312040121648 2
1.01469879232797 -0.305705711660063 2
-0.668903880298546 -1.03696648663759 2
0.906371747299026 -1.44920350658949 2
-0.928230254003342 0.301111757370843 2
0.802477997308748 -3.099233197501 2
-0.86701584548699 0.642938148071639 2
-0.351075208569275 -1.59284636286713 2
-0.0200294451865241 -1.20924421013583 2
-1.3477994595515 -2.2211510324943 2
-1.68930553338732 -1.35032867550552 2
-0.677352397703524 -0.523826738537547 2
-0.32768669629972 -1.63251845949638 2
-0.729372828965456 -2.11803566017327 2
-1.40164395804491 -0.615041162476883 2
0.364492181027727 -2.06942474277177 2
0.22792789492596 -2.34900685442305 2
-0.896786976226765 -0.387651208725747 2
0.705862434882015 -2.01148502513822 2
1.67233623970189 -0.927498668520454 2
0.817872029224964 -1.19797985327066 2
0.91674814519373 1.14297518441559 2
0.581527201052967 0.0844594751845813 2
0.439013346957988 0.396696607988837 2
0.917660069022393 -1.66347995285469 2
-0.327760999935402 -0.231380946930455 2
0.0662985852974614 -1.01650729559028 2
-0.795986086334309 -1.45991570248963 2
1.33204217749477 -2.12785109110581 2
0.662037833902928 -0.681515505584425 2
0.041379621285943 -1.39607499312088 2
-1.45727648761127 -2.11123864783808 2
-0.196930993774173 -0.750817671237039 2
-0.661379055340275 -0.134600727488716 2
-1.03230607802964 -2.68197306694618 2
0.850647066810811 -1.16280793524291 2
-0.585641176386694 -2.56651534451563 2
0.846633903749963 -1.51823881401047 2
-0.672801617236054 0.0107858253533719 2
-1.00389101129642 -1.10582191629099 2
-0.388099206647977 -2.27219016587754 2
0.620160280526853 -1.16382904683907 2
-0.712051022464817 -1.24032080429202 2
0.398759757431249 -2.11342886935004 2
-1.9812244720828 -2.33697122536361 2
-0.189649792408992 -0.800695629674419 2
0.922164695626291 -1.18566546692631 2
1.71899488381951 -0.0378471081305194 2
-0.879429276197158 0.0381858819544916 2
1.79100565653786 0.69026609626237 2
0.356554583502889 -0.3122033008832 2
-0.452869123738727 -1.01955123891166 2
-0.980883735885099 -1.01765022695181 2
-0.638832902690426 -1.61170946456236 2
-0.472539939999546 -1.69125601138793 2
-0.809100400717966 -2.44553450145905 2
-0.174758747152401 -1.62900725834814 2
0.310111759460144 -1.44496448652934 2
0.984179824406481 0.561751114360985 2
-0.451011036939238 -1.09152576693258 2
1.65177733832785 0.390789710158541 2
-0.61784405347459 -1.16120871239129 2
0.235883518735673 -2.18746456284094 2
-0.300807476048518 -0.856082047171834 2
0.381481137259957 -3.34242247966033 2
-0.292877981208905 0.625809960441171 2
-0.383684938261998 0.0368218852483844 2
1.20305362854387 -0.778375216508301 2
0.0208024864081838 -2.00901685792184 2
-0.150740141684714 -1.06526229918559 2
-0.461916646897074 -1.71156462179303 2
-0.301858925314476 -1.35960302213316 2
1.44665082389997 -0.939552597520719 2
-0.0172220950369575 -2.0302484184987 2
-1.93090648709426 -3.02216532623987 2
-0.929161672176977 -0.304059093917267 2
0.930340122766667 -3.01452885056372 2
0.45378439351798 -0.613791713525188 2
-0.177040027581645 -1.17033773508635 2
-1.96570970492624 1.86141631769377 2
-1.22662687972977 -0.0560995276685881 2
0.629517174147169 -0.686132314680678 2
1.9517189913173 -1.91113893630697 2
0.489308292301851 -1.30738482026028 2
1.26177635183675 -1.62411497995475 2
-0.0594858256539394 0.041414407067379 2
0.318499006184444 -1.58021156687161 2
0.308816402860665 -0.676286323651773 2
0.195855646307357 -0.731660807430014 2
-1.42301893964287 -2.31154621591885 2
0.289030483677268 -1.39549575857112 2
-0.665584071493431 0.0999761237958137 2
0.694694889542296 -0.965745824284273 2
0.197530761122024 -1.12262081613061 2
-0.581533117664641 -0.717962931622045 2
0.168307197306177 -1.7800491711722 2
-0.633508651190718 -1.50598559966953 2
-0.336284256062121 -0.307820979443975 2
-2.73468372696421 -1.66269359743825 2
-1.62794943955624 0.0115847914426399 2
-0.2910506250051 -0.919614986112168 2
0.258762610056157 -1.34185701417968 2
-0.652250711089015 0.250993254055627 2
-1.23770372256413 0.228640526394279 2
0.516447827399353 0.924848865750681 2
-0.0237614731604048 0.339408230149806 2
1.06406916710553 -2.41743455156291 2
-0.294695293840183 -0.985776958758375 2
-0.112150227581437 -2.09974564445718 2
0.432546490214592 -1.96311050072737 2
1.29871223297665 -0.723864753532159 2
-2.00640731835664 -1.74992431152246 2
-0.669768719386913 -3.88114523703261 2
0.0297724694210905 -1.57602208583344 2
-0.992037332332611 -0.583510860696202 2
0.627771816994512 -1.07087612454725 2
0.767521375158186 -0.941852578267304 2
0.258378681267183 -2.85053742078237 2
0.207098540142651 -2.22935137227407 2
-0.369502421505277 -1.82817542177678 2
0.95946604159951 -2.73702250031956 2
-0.825033183412351 -0.583349812171618 2
-0.311375687427378 -1.99475789177378 2
0.0960823679634204 -1.04515543301835 2
-0.994413335925777 -1.18475617141764 2
0.91583986405904 -1.4001425623801 2
1.56072621766928 -1.09748215211866 2
-0.420070626850464 -0.352471041524846 2
0.495902736655949 -1.32403553294418 2
-1.62803047505026 -0.419390302050128 2
-2.20424276325761 -1.47566452916144 2
-0.688315398961911 -2.41918659072626 2
0.997917492886714 0.962815955008428 2
1.0766787195969 -0.142259545789656 2
-0.705511018173127 -0.942059103962092 2
0.180065123616733 0.584912310325026 2
-1.51906937967053 0.254287437362393 2
0.789318845920582 -0.841824137637144 2
-0.0048570706755666 -1.27133727668944 2
-1.12511820548152 0.249075111451779 2
-1.34507032844451 -0.827354469621891 2
1.54562406780758 -1.5624467026583 2
1.2935146604401 -0.864571728445768 2
0.657986307279465 -1.15108446242142 2
1.21343868232765 -1.52443315611339 2
0.45874923411333 -1.01510453796577 2
-1.48934992433261 0.0722432216583027 2
-0.396628593453104 -1.26073892325367 2
-0.0741539819862959 0.755863922746316 2
1.00506585167811 -1.88169897653057 2
0.312145757641172 -0.841778074398004 2
0.130691469812329 -2.78120633430767 2
-0.64449315817832 -1.71359206230793 2
-1.24535378487171 -0.780112275491633 2
0.135215818887875 -0.996024477381857 2
1.52499608893542 -0.358456212399301 2
-0.635684445411993 -1.97157259657201 2
-0.407267788494042 -2.3751414041505 2
0.937337414756153 -1.71299868201312 2
1.07040694827287 0.0539993548155182 2
0.330684343531654 -0.950016142019171 2
-2.20696489029063 -0.328253748738872 2
-0.280502601722265 -0.100508777422371 2
0.226437593180086 0.554719200179239 2
-1.14818965206513 -1.88430737530858 2
-0.362093654546331 -1.91390903011298 2
0.0715230435026061 -1.18366291824908 2
0.598144315023067 -2.88379254055906 2
-0.193956521898917 -1.24704040619174 2
-0.807728785339584 -0.716062635013897 2
0.0682158231565033 -0.344457327357577 2
1.9892395436612 0.207433100446812 2
0.236441908963611 -0.955103586129471 2
0.00568294990549026 -0.811017105253737 2
1.48538858176429 -0.799640298779423 2
0.47366499644739 -1.82575725004475 2
-0.860626461141692 0.317097193041743 2
-0.184308462681165 0.231496602474203 2
0.223554071439134 -1.43084982485937 2
0.322022679932595 -1.68774971759495 2
-0.355640584851823 -1.70272390844782 2
-1.091451586867 -1.47837682343295 2
0.738240876506371 -2.7710328554114 2
0.524947575562317 -0.878476055464655 2
0.0392488195296351 -2.42469910729356 2
-0.346266545182747 -0.293399088148513 2
-0.51013710643799 -0.340004921833303 2
1.07446738963003 -0.976479477424714 2
-1.24052969148346 -0.192676083414161 2
-1.6396262730231 -2.12285395759944 2
-0.73243076874139 -0.0488086911230001 2
-0.51305208841307 -2.33600231293906 2
-0.950639520169609 -2.33038981031114 2
0.431535904520205 -0.719552068549579 2
0.181696370993471 -0.574401365860154 2
-1.05432668689853 -1.81113982179773 2
0.740631831484607 -0.606322947694378 2
-1.77920324262321 -0.622072975729329 2
0.862646031861453 -0.507895928037704 2
-0.101650658326074 -1.768946207192 2
-0.0629742107304994 -2.45108150553731 2
-0.282955996825088 -0.513372911197809 2
1.03303070818058 -0.840638740303327 2
-0.620472973978507 -1.04073654077093 2
-0.0170528539181711 0.216147262371908 2
-0.583328973837644 -1.87058539588763 2
-0.333438200602804 -1.1841936262986 2
1.37440340275227 0.162507818745404 2
2.82502046104964 -1.39811804611944 2
1.16268018604413 -2.40880585667758 2
1.0211567893758 -2.2065606249059 2
-0.663157974879615 -0.0783150538301314 2
-2.00508211052703 -0.820719164634535 2
0.589990892103306 -1.64880369119595 2
1.67473396884545 1.10972521931779 2
-1.12663125444856 0.402582897885395 2
0.365540649937973 -0.788069131509756 2
-0.885040131893507 -1.44616108378533 2
-0.817493809600801 -0.839516479759283 2
-0.2657073791669 -1.47829139425869 2
-0.295469117605518 -3.63912479828134 2
0.0887373094052252 -1.09138278552603 2
0.132305103573001 -1.59767720841241 2
-0.062041617392873 0.225421799096351 2
0.017758108651378 -1.1740865257155 2
-0.223824399511808 -1.50161162448467 2
0.0442063664296195 -1.46687998670825 2
-0.995010971169485 -3.46264469261328 2
-0.614058223317414 -0.0951663502710812 2
-1.41150957302797 1.30793428582685 2
-1.54623159146632 -1.15433632893638 2
0.575708116776697 -2.32897241113693 2
1.46552993356905 -1.36760856451426 2
-0.251114996474029 -3.06811408219722 2
1.54215115124436 -0.0136095071116513 2
-1.36917668797136 -1.5811273360367 2
-0.593562251427832 -1.1856356749628 2
-1.26068933485517 -1.65678005917904 2
-0.139119879278431 -1.19482888039623 2
-0.467386432713394 -0.851602946633633 2
0.476412420562811 -2.39018054579242 2
-0.596929338010133 -0.530707922794965 2
0.551828850142248 -0.9154067097545 2
0.21981764398121 -1.52649451545942 2
0.778927413813855 -2.43297624952569 2
-0.334355777034181 -1.03441317198995 2
-0.709242987020857 -0.238728538816542 2
0.522889290735558 0.493162045797027 2
1.43107333631596 -0.217154643770659 2
-0.0158796388484491 -0.640060751645597 2
-0.449414701081427 -2.22853560792768 2
-0.576295456851858 -2.1708899935291 2
-0.411688625032983 -0.519719425238956 2
-0.522958121444991 0.164329551254721 2
0.251729476588073 -0.546435076248166 2
0.997869896258405 -1.36061448058914 2
-1.10466601083911 2.09199197606642 2
-0.110769014075797 -0.403306656900644 2
-0.027835542733393 -3.07570071619971 2
-1.19461168948693 -1.5862953363267 2
0.467653103774542 0.119857008621553 2
-0.951272649491826 -0.453500095758576 2
0.0476934903716744 -0.0257869213226289 2
-0.38486321528637 -0.726182866705881 2
-1.31474428337044 -0.676852685269649 2
-0.0280361299347677 -0.381889743097443 2
-0.957904117440723 -1.32253572276167 2
0.152408258025505 0.404322817457757 2
1.06802273930704 -0.940473127824887 2
0.164266491191911 -1.92672556983344 2
-0.089935514044553 -1.99484975881828 2
0.406252591451328 0.0984131828358668 2
-1.19413116509602 -0.901402621684146 2
0.340912527370282 -1.10693384804763 2
-1.61302888312234 0.622325549050039 2
-0.818572947913902 -0.921891652623127 2
-1.98834508416368 -1.03730131387451 2
-1.06153209734271 -2.72438602836834 2
-0.13362600714488 -0.384569271302537 2
0.532550341878677 -2.78834285372143 2
0.046276368797888 -0.359333125654567 2
-1.81075289650015 0.549855069121225 2
0.253648113206013 -0.324411507436466 2
-0.79355626726133 -1.25006398768712 2
-0.0593447221487716 -1.0899776735208 2
0.694807843528127 0.323295283458043 2
1.27269258947308 -0.719272545148226 2
1.19706685015707 -2.0250411553994 2
-0.298530759629062 -1.0959851780307 2
0.290799650612935 -1.76501134729845 2
1.59684054407639 -0.61004980770585 2
0.164762723812011 -0.23002371404657 2
1.60715321491151 -2.60941640258186 2
-2.01152325413077 -2.41510782910431 2
-0.372639464075732 -0.15210524849716 2
-0.0263717516665452 -0.359520853729727 2
-2.14937896693426 0.475161454469927 2
0.357238304763766 -0.807381859044395 2
0.0056762889572096 -0.104666127823414 2
2.29849270504548 -1.53957322491249 2
0.633708440349488 1.14813242147007 2
0.47886402474576 -0.400164424096447 2
0.0430919026714847 0.0570389915089584 2
-0.465816922805132 0.077294102965384 2
1.36353326804506 -2.19677375656202 2
0.156805954798873 0.138285131944337 2
0.23446927724925 -0.238530873332386 2
1.00483078716155 -1.56879760306527 2
-0.886818541530444 -1.32472913679674 2
1.03975414533897 0.332269010338108 2
0.117001259644641 -1.42998137557779 2
-0.60542879237952 -1.23822297627116 2
0.145468443803034 0.95799279994824 2
1.45391752560929 -0.733629863958495 2
-2.00563064475365 -0.969453644501104 2
0.396033497038294 -3.11912193099664 2
-1.54813896356846 -0.0390941681900847 2
-1.17733728200426 -1.85205025148106 2
-0.839171442327663 -2.03619156717645 2
-0.722640492109367 -1.07286444322575 2
-1.0903157178203 0.0156836902879214 2
0.119865287718795 -0.726811365188875 2
1.32224667285018 -0.955462995853069 2
-0.468958439167987 -0.970286134658617 2
1.02476156267389 -1.27881699133071 2
0.11433146968731 0.787496294905951 2
0.362212841605674 -0.556115606865827 2
0.408685641596761 -0.492790752981672 2
0.045324829347114 -0.946353713671659 2
-0.72769489503488 -0.638088327626144 2
1.77907021639887 -0.566919949213188 2
-0.578766760279746 -0.793612217294911 2
-0.980219784892041 -2.02840208968434 2
0.48108153660178 -2.81471411455507 2
-0.273324390813973 -0.826779590911231 2
-0.262952125285367 -2.03618816955064 2
2.45501093466171 -0.249596222623331 2
-1.92576270183183 -1.20334438575169 2
0.607507128716664 -0.891855273876438 2
-2.38720557716036 -1.35112983035842 2
1.51490049152439 -1.98703866517639 2
0.613816366353257 0.512352811392804 2
0.833320466760768 -0.582406146567825 2
-1.10200981641972 -1.16610256497758 2
1.58384792595564 0.478207332442317 2
1.90855411419313 -2.65539465017474 2
-0.556430493106762 -0.321675125121301 2
-0.0834226669785666 -0.911598312905195 2
0.0530180049118641 -0.269380224236147 2
-0.875730835636689 -1.39512111510225 2
