0.276153125792721 1.70922021891013 1
0.261450978563915 3.18425767224395 1
1.39624922246596 1.78225245921184 1
0.47185612814296 2.75039891337455 1
-1.70349552807364 3.33727900649322 1
-0.709870500091036 1.51675044879051 1
-1.04286333502171 2.9370632696224 1
0.0380298175894297 2.98027154357898 1
-0.342752352003971 1.14979492232841 1
-1.54334477803245 0.917177414009879 1
0.944719041531984 1.75589211518744 1
2.03670992789759 1.34964053790334 1
-0.543675514865256 3.18750182640543 1
0.75131342916588 3.33336831104698 1
0.7279419958268 3.35344099310511 1
1.43541445969144 2.03844414549209 1
0.0637575008751888 2.75311594948391 1
0.0885185346305872 4.75663951286767 1
-0.60626838912232 4.99377925734662 1
-0.647342138941246 2.55965118009233 1
0.906324088080397 0.714931811212273 1
-2.28409907875842 1.92821336180813 1
-1.53585458683836 2.92649848202345 1
-0.0412209511282633 2.62651262613927 1
-0.0678107121936651 2.43104327152705 1
-1.00046839987548 2.32264322276971 1
-1.78029128146205 4.12198751697374 1
2.04609516314927 2.59859945624797 1
-0.510071647161151 3.27239230561407 1
-0.431079887771828 3.35136374789804 1
-0.477837025812513 2.19177116706318 1
-0.322788092969593 2.84387604707572 1
-1.07789091742655 3.98123722313338 1
0.115062451758594 3.85851305911741 1
1.89679047401777 1.22837293460043 1
-0.601697748518166 2.12379050712989 1
1.42305852769077 4.59201314457793 1
-0.447552768599871 3.43485443076184 1
-1.4806232304453 4.710862402064 1
-0.621817204309932 3.40065395698954 1
0.779744810600005 4.66524999670277 1
-0.649921587944106 3.06691560017395 1
-0.383256919552072 3.50010054903832 1
-1.26761772951475 3.46632899454537 1
-1.16303009657794 2.53420269376521 1
0.660699526964151 3.86504496189432 1
0.161584881889678 2.70669932009005 1
0.253695983717706 3.11372847216982 1
1.38119542180659 3.78092328841575 1
1.60025434602041 1.58968390269795 1
0.674918751973233 2.33680791040257 1
-1.32118768459376 3.92256480619776 1
-1.12838460940896 3.69296299557649 1
0.239474544541425 2.62825369763894 1
0.92652171315675 3.87852237803716 1
-1.07213796960138 3.47206414156379 1
1.57843554738651 3.40799171990158 1
0.546321820710764 4.86204202546427 1
1.51085166301697 4.67988382523306 1
1.443268198897 2.87498778369456 1
0.0933490090206869 4.11221818410591 1
-0.690600454870242 3.30552920404338 1
-0.392206425415491 2.91295173029364 1
-0.278467735230246 2.51907026752992 1
0.0735289081250063 4.3910850458486 1
0.416379352290434 3.44908420352902 1
-0.966285829368924 3.73101421524923 1
0.442574032628118 2.37852422397703 1
-0.34468462613917 3.94856892637506 1
1.25316452727255 4.29746067540569 1
0.0855648452764134 2.93434946316245 1
-0.204440354733441 5.69756980716648 1
-0.822538049732251 3.21867319800685 1
-1.480078291524 4.15257129651446 1
0.225617784704813 4.32768283993399 1
2.69702775610072 3.73451974073883 1
-0.761557009997924 2.78424379998171 1
1.40957727554051 2.84141782200762 1
-0.235947424798193 3.76740209435969 1
-0.123195863903546 4.34113964152182 1
-1.1421812150022 2.24377309604035 1
-1.16387229583421 2.50207387099275 1
-0.800556799774138 2.15361856294009 1
0.0619439401358082 3.5653149381955 1
0.515992089265476 2.48894584323294 1
1.47074651113129 2.17921041050064 1
-0.594425359667652 3.54927644682246 1
0.0143076592624427 1.67946064038009 1
-0.791108651051515 2.73072733431341 1
-1.34666653970735 3.86758606360386 1
0.769493764293448 1.54142140941895 1
-0.140675218151083 4.64305764166504 1
0.137622675780242 1.51121659030539 1
0.557239701486423 1.03555650258619 1
-0.387198735816849 2.19144629005169 1
0.0112417401150703 1.88050246505571 1
0.658351181399379 3.38103818006166 1
-2.44398150739333 3.18681096335742 1
-0.874089867955892 2.98023536862086 1
-0.351654639827361 2.96570231642295 1
1.6339812978095 2.09917552158636 1
0.800055134356749 2.34053065415756 1
1.14221304714874 3.23182637536533 1
0.331268395747558 3.64482036396551 1
-1.54379617950559 1.61166571471635 1
1.40452175525264 2.55361342060583 1
-0.335036211614783 4.31016303056697 1
-0.428182479511277 3.04733231129896 1
0.466265680682062 3.72444984529294 1
0.236626935977203 3.599174136906 1
3.03962946983092 2.62054788649334 1
-0.226805373422698 2.05076892823844 1
-1.40888530478306 2.3889404575728 1
0.591372271894314 3.53133272246658 1
-1.29417209481444 1.41611825551748 1
0.0158425348762846 4.50407988287957 1
-0.468156977807977 3.55262241149281 1
0.271450664926249 2.09849804464186 1
-0.205809855644372 3.39727014049991 1
-0.471562043752281 1.80522407238536 1
2.71807124519856 3.76061362972157 1
0.0828956413262107 3.4779581102475 1
-0.843372000126583 3.80608069094319 1
-0.167096357782871 3.53628799538987 1
0.536932704278984 2.91366058896082 1
0.356749990890086 2.79008116294964 1
-0.409336394576423 0.94006172406864 1
-0.904418081707438 2.71880282280101 1
0.428268165345228 2.66365257498501 1
0.119487223528211 3.86766295597075 1
1.02440336313246 3.29440245149576 1
-1.48903848023778 1.82910349319372 1
0.0552038226919901 3.94021040660134 1
0.756049474191777 1.67151979071906 1
-0.064023530516814 4.04914195749085 1
1.43266746465262 2.17995854994606 1
0.434006466555128 1.80147421462996 1
-0.312909918624173 4.06571536576321 1
0.720163237309347 3.27577277385921 1
-1.67107479041466 2.49006399708308 1
0.615076256607242 2.5983159383473 1
1.38384162919643 2.71255655318831 1
1.29078493834228 1.8386141002608 1
-0.763030097390467 3.46188983207013 1
0.536611348785261 3.98367126275981 1
-0.882069750789938 3.66006142584383 1
0.481639007122573 1.32190418581918 1
-0.0963315895236433 3.01613186132162 1
1.05866801336634 3.61037638757549 1
-0.466943431730955 2.26501048991928 1
0.861136569396853 4.06024707662139 1
-0.580090560966561 1.212317458669 1
-0.97771134006507 3.403404159878 1
-0.844698379111261 0.908914972787432 1
-0.0926595403458245 1.55363449207488 1
-0.336864103808741 2.60638136582336 1
-0.104209312802573 2.10716930700645 1
-1.13662094889768 4.12526065618886 1
-1.2652977315248 1.98085496699957 1
-0.733358248807477 1.70822098073095 1
-0.359253317759707 3.1625511296946 1
-0.648066441948444 4.51792409820234 1
-0.0162306482526034 3.96524651504737 1
-1.23474056670104 2.37268215550123 1
0.440086457578134 2.97962538052028 1
0.487563665550359 2.5294327819598 1
-1.49576296162138 4.60396420117383 1
-1.21496278646374 4.61025367061548 1
-1.24281979489281 1.99867824270191 1
0.206840455111652 1.66110537183654 1
0.761287106089984 3.11584824437786 1
0.0501890254103385 1.80311495066967 1
-2.74729074304865 2.28954658332969 1
0.283074513981524 2.99805099192697 1
0.101909251519032 3.45703622751004 1
-1.59502460350158 1.40292681210377 1
1.63616734724772 1.44892066061208 1
-0.761858918372279 2.80218231700545 1
-0.846395545708449 2.23986242093149 1
-0.278127309222173 1.22160424227009 1
-0.690582437616085 2.69336185800217 1
2.29323449317669 3.64528740423462 1
0.263621688241392 2.58437949135454 1
0.0337929610396323 3.89572532933322 1
0.369734760661421 5.2878272885011 1
1.23437635696325 2.03143709128514 1
-1.81290596906067 3.38002900219407 1
-1.55314710605223 2.08320968352868 1
-1.98446845994545 0.368309339251389 1
-1.6074260285947 2.15363637487213 1
-0.183870874114759 2.50852599610664 1
-0.39518427134386 2.68663162680684 1
0.0874557567867652 1.86981873582413 1
-0.912592080307621 2.79452936420677 1
-0.0517641985096081 2.16221145420112 1
0.00866683753670762 4.20998759684312 1
2.04703105950862 3.74091684536154 1
-0.833356827192492 1.54178328749554 1
0.113897195584521 2.67287175514716 1
-2.67508884438218 2.79244835845712 1
-1.88365904164175 2.41500503947742 1
0.775791732204359 3.37193247099211 1
0.682852662026804 2.91933016865332 1
1.35937294128257 3.08097919924886 1
-0.658505260191513 1.93150458642841 1
0.504977648183919 1.54389885791894 1
0.221836523987513 1.69098242932005 1
-0.17066928734047 3.26487097477029 1
-0.34840488704005 3.89616988481712 1
-1.63475015901445 2.94443950916817 1
-1.88690236541324 4.02486966131255 1
1.11122985616353 2.49618033543086 1
-1.70346430224973 2.94830449515009 1
-0.515755371392375 3.23613851200715 1
-2.73535517939997 3.30507782616347 1
-0.865412764896154 1.22735160390256 1
1.57838734105107 3.75548463104765 1
1.64165242177406 3.56370560143828 1
-0.981583302937734 3.71207323363331 1
-0.717439781385833 1.120291200333 1
-0.507875663031779 2.48929895296461 1
-0.838421795863183 3.18471474359573 1
1.91691370411873 3.33798957431709 1
-1.94643385332536 2.40803786522282 1
-0.583339013198804 4.35975798533537 1
-0.487828801337874 2.04818573293104 1
0.942011850166058 3.78047406105006 1
-1.21737723190789 2.57720057939973 1
0.0625477565150374 5.212115841912 1
-1.20629972273753 4.22010976568366 1
0.132257696880955 2.34356380337008 1
-1.41274960362026 2.76633192300443 1
0.367988644890863 3.46764114960179 1
-0.158050746599409 2.47009817447282 1
-0.97430368217235 2.19984829710692 1
-1.03889427294397 2.69847367781676 1
-1.67537367395072 4.67166338884001 1
-0.856679561958348 3.09302926652328 1
-0.154991800027477 3.05527326697714 1
-0.410990486158708 1.79693001954104 1
-0.428554654310959 3.74860844448283 1
-1.21238107356504 3.04601171327751 1
0.461880000913075 1.41623155185531 1
-0.0970286246071411 2.34007324906755 1
0.328393092017682 3.82315328779006 1
0.870295510810395 2.77474999221211 1
0.97043525942266 3.47325822889253 1
0.494792608388621 0.438681128996012 1
-0.316859312185556 4.15905232840829 1
-1.66250655765537 4.23115966778431 1
-0.691821014821894 3.90043141238424 1
0.444728997009472 1.25372863356958 1
-0.311106814112153 4.50875855101101 1
-0.871463247905494 1.25416313362706 1
1.34928727315147 1.91623154844016 1
1.188952095882 2.63135749428794 1
1.19458720987912 3.75221650224382 1
-1.45688714456959 4.79472174990005 1
1.2748356220918 3.50258749133295 1
-1.02116273067409 3.59803234283814 1
0.910936365743619 4.11873424430219 1
1.38894100916278 2.48085306643798 1
1.17934659303329 3.32762927787386 1
1.01551204629281 3.72042848647164 1
2.75746143041446 3.34237484195932 1
1.08326215124685 2.87400134764029 1
-0.714951698677844 3.33714525461087 1
-1.95336950206266 6.29461205028075 1
-0.618080352061531 5.13352026867553 1
-0.855566068998015 4.44286862827066 1
1.24903867439666 3.10244552812505 1
-0.966573685150822 2.54539393449742 1
2.44760494360383 1.36309200723566 1
1.05141359999073 2.37206508192842 1
0.73566092531571 3.65705839512683 1
1.1626806011194 2.73553660876985 1
0.743625760898621 1.86340437640602 1
0.256939488227998 3.75962405108459 1
0.744482219971287 0.975934472714614 1
-1.30480899423516 2.97956657968742 1
0.9699775279496 2.86786532707127 1
1.16307427195818 1.94394671513299 1
0.145008750198761 1.42484796393214 1
1.72116432676224 3.19055329724589 1
-0.146858918020652 1.14884757911205 1
-0.480036325473809 1.65524085878837 1
-0.877945470708398 3.58119951635497 1
-0.0339307947305889 2.24917639924361 1
0.491576279419499 2.63372270551497 1
-0.0895708121531931 1.47207177654326 1
-1.5431634702505 3.5693563886643 1
-0.627329186612891 4.29345406280392 1
-0.389663029639509 4.6923943385268 1
0.460334550038558 3.2731835247479 1
0.496457221857394 1.32325228760885 1
-0.512144649505138 3.33859378100211 1
-0.0682893827687626 2.24603798446853 1
0.225076305598661 2.26656157394703 1
0.0904331188479771 2.6970700276803 1
-0.0624096312984311 2.48108437407063 1
-0.118701824526719 3.12161728419627 1
-0.117267852898273 2.47755555254694 1
0.0954435222253208 4.71613781838554 1
0.97463691147142 3.32845218870113 1
1.16432411104615 3.02418370292918 1
-0.834702375635351 1.54778193705874 1
-1.77775288560118 2.356355457732 1
0.106147941612686 1.69460060790243 1
-0.779953398216915 3.59313285959327 1
0.110346983172331 1.84838987126394 1
0.459881590215141 2.79436110435116 1
-0.699907918980571 1.32368987113244 1
0.0786469880539775 3.36347861483879 1
-0.631382970605868 2.68694999845987 1
1.59312175753757 4.73007258264281 1
0.927177961528006 3.64986955278384 1
1.74051638752795 1.72951479614074 1
0.881198181505521 1.73117873665146 1
-0.641103843560286 0.95437084879818 1
-2.22359621471172 2.22701868046203 1
-0.775752231842855 3.00523149307554 1
1.13856726613077 1.79882360574114 1
-1.72723369580308 4.11347053691582 1
-0.809838119826418 3.22231472782362 1
-0.356783522940861 3.54092771019485 1
-1.18516262879165 4.93421452953889 1
0.883019054117214 3.38296570806736 1
0.666304964333885 2.36866246912199 1
0.113870200164191 2.89065304307505 1
0.000616973681687002 1.74171706888744 1
2.65781171812622 2.95470663521253 1
1.47730600246669 2.7549583154649 1
1.39575670340338 4.07984822007812 1
1.11638639303951 2.6914631604252 1
1.59646310925358 3.47551483784691 1
-0.819726439399824 2.60432145776778 1
-0.877548101853936 2.73022650862614 1
-0.419442191927211 3.37064720818179 1
-0.80982383432653 4.71710340571078 1
0.663747502065191 4.02577175711333 1
0.23555127218683 3.51643355866177 1
-0.720534077732525 4.32413006944678 1
0.154077956855999 5.02377668070544 1
0.263465614065852 3.52865573504071 1
0.502466564838423 2.90118776056269 1
-2.0546926740967 2.86807315105788 1
-0.391674251742105 3.59507483914038 1
0.357130428753301 2.43734177758718 1
0.0409591775963305 3.08297577588838 1
0.31462616018095 2.94509442883163 1
-0.250183379250772 5.59337338175667 1
1.95006317182012 3.0898745697097 1
-0.494521109666675 1.54969296313479 1
-0.871415296998937 4.87918361637918 1
-1.17881834798551 2.73776279562007 1
0.254703999218454 4.28799397920164 1
-0.519337437896787 1.92890796680331 1
0.753419135942893 2.20337775947357 1
0.111876648078388 1.00250063689247 1
-0.305843349289292 3.20808163126131 1
-0.934847717955507 2.5998715860618 1
1.55416379363383 3.62463838495683 1
0.553316005636828 2.89312355294732 1
-2.38681745710673 3.32708647918377 1
-0.951121943387975 1.19968167010523 1
1.80269943224185 2.93579296292391 1
-0.584150074605911 3.20902009501507 1
0.24599579298678 2.73494875008345 1
-0.32457248736486 3.89430267042617 1
-0.727423999447874 3.67182964859274 1
-1.08851985394921 2.10714381572948 1
-0.881805669451112 4.2392037252671 1
1.89783814355728 4.31196468573496 1
-0.0463071119606658 3.23349553455845 1
-0.0457530257889429 4.20139230474089 1
-1.70633030231011 1.18339934825276 1
-0.699114177992693 3.12957943074036 1
1.56596591958067 3.19562368731587 1
-0.115990096594736 2.16297716424915 1
-0.568708403878641 4.4048872426702 1
-0.736842750543206 3.00480182209409 1
-0.161257600305578 1.18584099333271 1
1.09560129679164 2.460023607148 1
-0.748179012103857 2.63128371282761 1
-0.857488468504274 3.41057149617275 1
0.42408806213191 3.24386367024303 1
0.0544795163377056 3.17470458882547 1
-0.477116508480488 3.70721439442868 1
0.696662792496292 2.81839691721017 1
-1.00502834544414 5.5964941178507 1
0.000700663787109363 1.92218849080189 1
-0.346126433631659 2.58245908772939 1
-0.76620912033361 2.70611012580612 1
-1.55423618926503 3.64589882144188 1
-0.136389302206067 4.64954118527659 1
-1.90343681490791 0.611460916053248 1
-0.404873602006816 2.4748885865302 1
0.671862608583312 2.69080844247154 1
-1.32824880280796 2.77776924729747 1
-0.862530641792022 3.17536666998723 1
2.66068670302638 1.45936389822707 1
-0.111038569149065 3.8530585164647 1
0.440806917329911 4.08593041187111 1
0.220197341961658 1.4989636888014 1
-0.959783575878513 3.304523288676 1
0.355037484314239 2.69462175744887 1
-1.71448593013672 2.55397398187233 1
2.23409202580692 2.94135854522754 1
0.807808010358099 0.657006542946115 1
-1.8173766871147 3.89332444082897 1
0.247304571254976 4.42510955054182 1
-2.31809190059167 5.31608895980995 1
-1.17719443256509 1.65260127698868 1
0.378455132544439 3.68043888406769 1
-0.468458201146304 2.27103028113374 1
-1.93503491819186 1.08140810150826 1
-1.45606913211825 1.53920412942885 1
0.727513886109332 3.56727876537863 1
-0.420568895207333 2.75569777141305 1
1.03510694652475 2.90607535833763 1
1.93169391963291 1.86227414096094 1
-0.371178825013422 3.45890090935144 1
0.86363476821017 0.413317954747738 1
-0.389209833070315 2.47084496153677 1
-0.031320161739815 3.15114370302946 1
0.672944046752572 3.40588630844307 1
-0.042314498044128 2.77808157537584 1
0.592729537524803 2.49589878645147 1
0.162368847887119 2.47534148618253 1
-0.461765865754606 2.4085481854172 1
-1.00071902161632 3.42689143142419 1
1.56769499915392 2.26012254681537 1
0.382614155576024 4.84398480452655 1
1.95862029100453 2.88498501823127 1
-0.540803892919621 3.88933026318977 1
-0.336710802130754 2.86275745129284 1
0.213451839116837 2.87590688217147 1
0.647340455426729 2.86606986048605 1
0.460141832817418 5.29625953439608 1
-1.26909578329989 2.61806823894992 1
-0.152619474471735 3.90578476973954 1
-0.936045377022785 4.15829649155719 1
-0.0201421569888462 3.00901760545633 1
1.28875366269615 4.55497100994846 1
-0.487540893899223 2.10752922309051 1
-0.338276348873733 5.74402013547559 1
-1.32751074813191 3.17829226066495 1
1.34471870137679 3.7666255652491 1
-0.169954848113842 2.49447040125804 1
1.12900548527741 2.03167409920632 1
-0.538101304155905 3.93832349585864 1
0.564254324414648 4.7936295284244 1
-0.303870124395277 2.08086059314699 1
1.28800342691925 3.34447862197561 1
0.728369722126367 2.16864796786857 1
-0.469150618276937 3.04468032227414 1
0.181242018131504 3.19866615739974 1
-0.698424540484764 2.66064556647685 1
-1.27982582628271 2.73553119039067 1
0.123371190537332 3.18866006447478 1
1.08740433319892 3.03823445049654 1
-0.0982123053126539 1.15367332016804 1
0.375718820526835 3.82866028284093 1
-0.488660344791989 2.54551201846636 1
0.79942735964226 2.74847226447667 1
-0.718668979350405 1.67075925439126 1
0.660470148080753 1.05702019820675 1
1.10947866475528 3.73815073659578 1
-0.171744266239616 2.84900057560537 1
-1.39868662837537 2.49703021215872 1
0.624390310090682 2.94068699600304 1
-1.87585468845869 4.28685917234224 1
0.161164521160434 3.15043153602816 1
0.918364755363418 2.14259139302861 1
-1.68587301595703 3.2585012403288 1
-0.316198359604657 2.38764229485934 1
1.05983959597965 0.0316499583846257 1
-1.29663890599841 2.85583294907615 1
-0.461761762682596 3.12350436342574 1
-0.128850877133814 2.39959618542523 1
-0.943504764465624 2.82529081273219 1
0.841287066452826 1.29186622921576 1
0.1140314039025 1.77454624550455 1
-1.04144794563887 3.66961090288916 1
-1.7105668526815 4.45201316409804 1
-2.31706231006728 2.53139202388813 1
2.66584743393043 -3.63067758965077 2
0.291295679433831 -2.99030319667948 2
-0.13974096230124 -4.34166001244921 2
0.0568642166426598 -4.73229190516826 2
2.667221760805 -8.21864808554053 2
0.567314786481582 -4.87914652714593 2
-1.69238916035399 -2.3491041975722 2
-0.635149438606144 -4.34280045225838 2
-0.371343794467973 -1.69782682270483 2
-0.312843984364708 -6.28649956554247 2
1.32308333673487 -4.28941680081798 2
-2.8210162162099 -2.82905302655734 2
-1.45606724508152 -7.57592054344444 2
1.77051602308951 -1.88233186652727 2
1.21305507902665 -7.29207761522766 2
-2.42437639578152 -5.3248735665505 2
3.9006605120381 -3.76320542329505 2
-0.651292484762577 -6.01788213744239 2
-0.660493634327607 -5.50373953076834 2
2.41398472784277 -4.68990965090428 2
0.839335650007495 -7.25802052976205 2
0.949154847277447 -6.47647266705243 2
2.0374581104518 -6.4744379596563 2
-1.1892073114682 -2.24926356959953 2
2.23577011333946 -6.32519557315601 2
-1.41945173330553 -6.68691110414427 2
-0.450509237497444 -3.84726745237929 2
3.72413326918332 -7.33504727951479 2
2.36945818948034 -3.21399397924109 2
2.16940394546921 -2.04422993833467 2
0.497133118913774 -9.24407310361915 2
3.55226406700537 -3.63052733909155 2
0.741342956926013 -4.4228156375228 2
-1.84394578069944 -3.80993207298605 2
-2.50497500813071 -0.785196721488671 2
-5.41707766804906 -4.97452692682731 2
-2.12239336931502 -3.79302833932132 2
-1.60766598138382 -4.30973687622801 2
0.236441123160092 -5.95001534556901 2
-0.327628740215668 -6.76317745724869 2
-4.7205142209381 -9.70622549396926 2
1.43106936500253 -5.67532853435599 2
-2.00079512143888 -7.36447845819594 2
3.94872554218643 -3.42263653924544 2
-0.0940184151853223 -5.92675656369983 2
3.54042754765267 -4.8453996020635 2
1.49068561309033 -6.40811350682287 2
-0.341354729038181 -5.82526693887633 2
1.37817546164314 -2.23378129804612 2
1.86571366255594 -3.84390745963263 2
-1.23550202049153 -4.62316755453354 2
-2.28312760358292 -1.63952932901064 2
0.493168103339166 -4.74508312721932 2
1.46360077408314 -2.49492164389848 2
-3.35783308488084 -8.18156743143919 2
2.97670601029391 -5.40463388700901 2
1.33356891897893 -7.21410483089726 2
-4.48008552146491 -3.73715881293814 2
-0.0811595011121977 -9.20133595000909 2
3.35584137460142 -8.714067493844 2
-1.31961552164111 -0.448044929126513 2
0.773033803213601 -4.38524160127857 2
0.507459731473511 -2.47900883733642 2
-0.619669229190891 -5.48199809782911 2
3.91256201527773 -7.26690442537542 2
5.14809257085405 -3.12705122706723 2
-1.46429376801968 -2.75967004150603 2
2.96204294186436 -8.61307744012728 2
-3.21452992968892 -7.76111919519284 2
2.0661112548326 -6.70970449077329 2
3.25333325631482 -4.84352334408044 2
2.81050066290534 -6.86671392398609 2
0.672413508773282 -6.92221569026627 2
-1.28497744389448 -0.555123538717289 2
1.77469711834504 -1.71061704265577 2
0.299295933608559 -8.47435889981405 2
0.695740748545621 -4.12517087950705 2
1.55240026705069 -0.841090801632129 2
-3.05332058431495 -4.74331710091108 2
-3.34832223888895 -7.32733579474854 2
-1.53985184566319 -9.14037860548827 2
1.44569563536906 -4.41601546239931 2
0.731835051633955 -6.59765528892726 2
-1.78621893619699 -7.90248577554399 2
0.0565637652300278 -4.67315805383 2
-2.70077456477111 -8.78714497844591 2
-4.35366768029537 -5.49219350834127 2
2.41410325303828 -5.30052251156713 2
0.436007684131715 -0.581953635474218 2
-1.75789427991456 -3.9087221233953 2
-0.12040603151345 -2.73387538623121 2
-3.02308616271666 -4.41269032488513 2
-1.96254747087586 -5.92473766714295 2
-0.189116864533217 -3.73968800498445 2
-0.417640838672396 -7.57314384567962 2
0.990939436396532 -2.31725036871809 2
1.24850224016262 -4.21844009028554 2
-4.53398060791722 -9.59377135514205 2
-0.0693640443286814 -6.30835995576003 2
-2.955805762009 -7.19013560679823 2
-1.54442148894256 0.300949487041916 2
0.499882346444362 -2.04566623292955 2
0.872871542410712 -5.30137022958358 2
-0.679082877096839 -3.67166294735906 2
2.13353019484034 -1.27876518029934 2
0.760475037771893 -7.10275377602904 2
1.81896122972088 -4.12145539255687 2
-0.238435415896641 -4.37269968206915 2
4.9450878551086 -10.4347008646738 2
3.58936623825196 -4.03570025004257 2
-4.76277083118157 -5.22816316835274 2
-0.0532187489359104 -3.74185951298367 2
-2.08279963198782 -4.98386323470107 2
-2.55813350198185 -3.87581954477173 2
-4.97344789734894 -5.5184445811207 2
-1.97323097199921 -7.03670786585698 2
0.608561094192263 -7.20821089278448 2
-1.30907109130843 -10.534873785011 2
-1.23004128452016 -7.99625773809441 2
-0.424229490569267 -6.1544656949441 2
1.10255067787576 -5.70788653052107 2
0.581188492317344 -4.96435294218937 2
1.4340693391779 -1.96251357551743 2
-3.05660851802353 -6.43687907394121 2
1.66483094442309 -3.4910969665682 2
3.04525624411749 -8.90886942541146 2
-0.523558916692516 -3.53586595044544 2
-0.128711997299833 -2.87740753556519 2
0.151788426890513 -3.16090696392311 2
-0.150712476703694 -5.71827788473812 2
3.02472178885052 -7.41014128209601 2
0.501557024062814 -3.4772017553228 2
-0.512970281145551 -8.05215403492948 2
-1.52972409439768 -0.736839315245547 2
0.427450125901801 -8.90298820069944 2
-1.55717551860236 -8.38400278131524 2
4.08820061530799 -7.86561021321291 2
1.1040958178467 -5.24253483801773 2
-1.27505774366536 0.0601101660037546 2
-2.52264932637062 -8.29498009256012 2
2.75170733589927 -2.09272115609399 2
-1.55959741388617 -11.0413668998715 2
2.30459729146533 -5.0362928097954 2
-1.85265742678916 -5.52008647097825 2
-1.51230033154604 -8.0770076827801 2
0.439763626029324 -4.01983136405164 2
-0.617884890002379 -5.76048907185495 2
0.583279272078378 -1.94876498939253 2
-0.11685512635509 -5.35230134982853 2
-4.39003596119452 1.45671159028748 2
-1.10156493236987 -4.20477517655582 2
0.524883225882567 -3.0884912209476 2
-1.79743087479232 -3.98896571986983 2
0.751930535517681 -0.259020000682113 2
1.1198503329675 -6.03728879261459 2
3.77832152129118 -5.86696404386858 2
1.51961645054032 -3.59911175932435 2
5.92506092590185 -8.01997217783395 2
-5.10828954342912 -9.37879228507139 2
-1.37524593612642 -5.95044097168864 2
0.212445366515631 -3.81495960210627 2
-0.634987019104884 -2.3364052347422 2
5.14088518414009 -3.24925492422096 2
1.93920011198225 -6.99976401617134 2
-2.2999091014227 -4.82606231162805 2
0.266927399150366 -1.82532734344201 2
-1.33844074714327 -2.40895463529382 2
-0.323173445452753 -4.37143720350171 2
0.48991734190027 -5.06051531349582 2
2.16993116889719 -4.01228132946296 2
-3.05274170187204 -7.77010076303932 2
1.70646116739271 -6.80166960427613 2
1.4508091558955 -6.37431971266573 2
-2.79983272997874 -6.10008313668362 2
2.11780298519606 -6.99084587374164 2
-3.28690903672855 -5.45695013761962 2
0.827198205505977 -5.38506584866276 2
2.82128699988264 -4.30086175806335 2
1.71645049466999 -3.75621918277559 2
-0.75222013312959 -3.67620719203172 2
0.122111968013325 -5.48604428295902 2
-2.33889330660541 -6.19303454250652 2
-3.16027492265254 -5.97388878579703 2
-1.16444270547886 -6.38103307673471 2
-0.00559802785052303 -1.0170527815656 2
1.10061670631247 -5.37865036087077 2
-1.58531082477107 -5.84369695043733 2
-1.03457372985449 -4.54966905847464 2
-2.39520472938191 -5.77284682601259 2
4.42412306580775 -10.6082763044106 2
3.6582936920818 -5.17527990511803 2
-1.86214042650054 -3.387162876669 2
-1.96144174502715 -5.53424093000986 2
-0.218347467499588 -4.09287322342875 2
-0.67930468473958 -5.49880655091092 2
-3.89527409457013 -7.48359907612821 2
-2.28884763762026 -5.56014129066228 2
-0.692778340678016 -2.78776999795189 2
0.324505840335505 -7.99037850110429 2
-2.36695575532738 -7.65456570353371 2
-0.938073003092027 -7.68749944104167 2
1.36729948939319 -2.88220313831202 2
-1.86056607616025 -4.4153013966263 2
0.24387771907533 -7.49062254581872 2
-3.72393055458355 -7.40774090169676 2
-5.12680629368051 -2.17281391761965 2
5.66378611618008 -5.02755580073596 2
0.0530846095362177 -4.8587183766765 2
3.06132111790954 -6.73122893798456 2
-2.17864772717562 -6.32118526124247 2
-3.41408652419212 -6.8562855711206 2
-0.199477837697976 -6.30857551770968 2
-1.51441696821079 -3.67579784628014 2
-0.687875102554128 -6.68159175133823 2
-0.17738693452771 -4.1981812198572 2
-1.89388917127796 -5.4320726049578 2
-3.99758196239739 -4.78616763446272 2
-0.707763109143498 -7.08858304536911 2
-4.25777231384609 -3.44866938829092 2
2.47959817412518 -5.68153874781048 2
0.629116655554948 -2.52093033430123 2
-0.321138265314749 -2.37782182411281 2
-2.86355491219207 -1.1743812251492 2
3.02766761020967 -2.75171609969769 2
0.256258353729201 -10.9047555104152 2
2.45296594769317 -4.60225201477231 2
2.86722547351598 -5.10172235112124 2
-2.3033292539481 -8.31311062674649 2
-1.11367441765263 -7.74562073872826 2
1.70251439041183 -6.58214096783753 2
0.448445741810277 -7.20023414098941 2
1.65163575121796 -5.03108429537622 2
-0.459254400289384 -6.03514899461692 2
0.794447594828083 -3.49852969957124 2
3.74041057246201 -2.12942378597067 2
1.63619907212727 -3.30417007158014 2
-3.2128830159605 -6.39423609998109 2
1.51661622969125 -4.9739760786237 2
2.0602224014853 -4.32081692486407 2
3.15766570686604 0.264258937064611 2
-6.29955475515365 -1.5413908324687 2
1.40189241624706 -5.28782458840523 2
2.89029583059776 -7.51684574062379 2
1.46068369160745 -3.65045585085492 2
-5.30658126126564 -3.08177929199466 2
-2.67805970480606 -8.38135208471988 2
-1.48222722329938 -4.65872158062632 2
1.78778151555467 -8.06255030231299 2
2.60045657096738 -5.92318071226198 2
-4.42461053857811 -7.39419100465881 2
-0.947941759670302 -5.51934746962284 2
-1.43683368464418 0.397978205960795 2
1.40751911115219 -5.53253559081071 2
-0.259033084430085 -0.2537117746969 2
-3.22822113301052 -7.07017257046296 2
3.3342209124093 -3.09572844616939 2
-1.1418478833669 -2.55259408113929 2
4.24595660152577 -3.06572352448388 2
1.65113853916434 -10.1460853315783 2
0.814161822850281 -8.09685102643042 2
-0.826591045986121 -3.91385203573925 2
0.162936620609071 -4.68661865581193 2
4.58093630299678 -3.88799638685803 2
0.126093851888145 -8.34209433293829 2
2.97363705607579 -5.80725240287075 2
-1.13429007166152 -6.08524122872347 2
-1.14858387750246 -7.88453813510783 2
2.94919495470115 -5.19279896205398 2
2.4609167926073 -7.79863811082171 2
-3.40469922517966 -8.40624180942781 2
2.36421442664496 -10.2601154610759 2
0.886119033490357 -1.2534278332774 2
0.0721483669985391 -3.93484153973891 2
0.0501929256893497 -7.56706838513991 2
2.09612968676773 -3.33829332660338 2
-1.0316575073444 -4.75087362866808 2
-1.77343558677348 -3.66265948787661 2
0.349767961349036 -11.8610845214772 2
1.13386729816575 -7.02606338663615 2
-0.981081991194614 -3.13984375213906 2
-5.89098617092553 -4.52074593963855 2
-1.14274593099478 -7.62776102923366 2
0.89304422463309 -10.4558395112739 2
-6.19988966110189 -4.66026017016504 2
-1.37693203493527 -2.96293446103609 2
-1.31000932126707 -8.44063341140622 2
-1.08408207969621 -4.60811897209641 2
-2.9012083478753 -6.14689075906803 2
-1.65241992679638 -4.96780157404612 2
2.27140569779068 -7.83213404115739 2
-0.0110591868257345 -6.42753818914583 2
-1.3472452672531 -5.00300229263767 2
4.87600172918437 -7.3930668235822 2
-0.0505765672341185 -3.75818806798797 2
3.63146431420203 -6.17408812896813 2
2.87217520275203 -7.67843532751963 2
-0.358689999956817 -4.95175612362326 2
-2.35111965869816 -5.31431049061288 2
-1.59930190978873 -2.71450160671785 2
0.503509305934994 -6.95779477756952 2
-1.22944092869524 -7.84680549258156 2
0.301519608124732 -7.25655738234035 2
3.77211090995527 -1.04828709742727 2
-0.488678221638185 0.250220752122363 2
-1.84536612666214 -4.93966848273628 2
1.77713113268004 -1.64480852027997 2
-2.09978549111327 -4.66996733864707 2
-0.711836047006856 -6.80366451358906 2
-1.76112040878953 -4.13909636012812 2
0.87159765497665 -4.68983807885538 2
1.45486384229008 -7.34766008736527 2
0.065528124926503 -4.57319371993595 2
-0.687756185316285 -3.64412227556811 2
2.86693390777051 -4.43975622242427 2
-2.17746508719105 -4.12859500144115 2
1.77353891811246 -6.26749173474697 2
0.19698011203263 -6.29869590193736 2
3.00580192977938 -5.31451428057073 2
-3.3066033039375 -2.42452519087202 2
2.7654988398511 -5.36863518676897 2
0.564986796956064 -4.29493252460973 2
-5.28709725814841 -8.83056446944948 2
1.66923308155173 -4.20266276276111 2
1.81823534982936 -3.07369821943364 2
-0.549129325875915 -7.01802295541328 2
-0.645433799847559 -4.73200150632698 2
-2.46258001599776 -5.00298175479691 2
-1.05191131839642 -6.64679790060804 2
3.04444799792246 -4.3573598002847 2
-1.36902529128468 -8.63899228170653 2
-2.16537808565121 -5.99662195568526 2
1.58970473651187 -5.81285101020606 2
4.14962911022456 -1.41522286356166 2
-1.86228397652081 -5.8482972955755 2
0.656618597229553 -6.27221096936304 2
0.483318585750912 -6.5383366720697 2
-0.326944824957382 -3.27570848019397 2
-1.0326958521656 -8.99526576618418 2
1.35390588372199 -5.78314758266116 2
-3.39229191823598 -3.49328422282554 2
0.886060848228879 -5.33131317674087 2
0.335734695766071 -4.30544783242573 2
-5.49956984361855 -4.41281828107805 2
2.72099665910279 -4.16517550050306 2
-0.431738994740999 -4.89704655541027 2
0.664837293263063 -7.26262960424186 2
0.773595151925658 -8.51584656530003 2
2.0060765936676 -7.72169529814031 2
-0.481327125373801 -5.23366802531867 2
1.96670535287454 -3.5878283353284 2
-3.03811356346377 -4.19737351647212 2
-0.775753751796372 -5.36165240267902 2
-3.21157250679476 -8.57692313268629 2
-1.30181497689565 -4.71448735351217 2
-0.19600639932946 -8.64346632798402 2
2.29808230318903 -6.17004290640407 2
0.931903471510854 -6.000272008215 2
-0.352920628114916 -5.15701192124701 2
-3.53224377982215 -7.26557679071959 2
-1.87516370853275 -5.77125349392276 2
-1.61196959252875 -6.76207473710597 2
1.43023463769873 -5.94474354698544 2
-3.0346784866923 -3.4827529064584 2
-3.65139270430644 -2.98952293642798 2
-1.10434372316398 -7.64422981197413 2
-2.93412045991208 -5.15606371949991 2
-3.35064681920264 -5.40750639745928 2
-0.505211377884017 -4.77597449203597 2
-0.854783744235493 -2.17897426525908 2
0.578234145720334 -7.48856974572276 2
1.74183673505691 -6.13977451850653 2
2.4609477186016 -5.5797629424805 2
-3.9515822402621 -6.04304204249614 2
3.20673663100121 -10.0499494308746 2
3.08716139347021 -2.5297504554553 2
2.60949851858414 -2.33450339837988 2
-0.957836970376847 -6.5812863812941 2
0.550355679757259 -3.71655973204858 2
-0.544438541703005 -0.698858316075907 2
-1.05324221961472 -9.39157295291578 2
0.540894467649099 -6.69557468043571 2
1.760601463541 -3.20106240859042 2
-1.38914130367218 -5.62698906941877 2
2.1612949124094 -1.91864176391753 2
-0.0415673984305025 -6.00083028257735 2
1.47586495021944 -2.744990806296 2
0.345153939376658 -3.32084861439745 2
0.354196081132378 -1.18717216608111 2
-0.955944682095582 -3.72878716907674 2
1.68845421883074 -3.80285352110728 2
-0.474506172793653 -5.86067953471446 2
-0.336135711655511 -5.71923818858769 2
0.610181639804397 -7.03880049656493 2
2.24400294744525 -4.2598392850045 2
-0.477727381020124 -4.66457746298864 2
0.595966947744704 -8.20560727559662 2
-2.36469687992895 -3.16989345832595 2
4.00953843573332 -2.34730634896335 2
-5.04180181249968 -5.26229174161676 2
1.66540400821224 -5.02934455145085 2
0.0453428882595354 -8.16613068854046 2
0.313228760966703 -4.45975817822231 2
0.400216667456483 -4.49370078822383 2
-2.21342253067583 -5.31512327887447 2
-4.42576030865702 -7.36020822401842 2
-1.44117238431157 -4.31811987127827 2
-0.0774782193493706 -0.619173431155655 2
-2.7245138815799 -0.843816041669334 2
0.982509534718976 -5.70593010594344 2
3.99747084602413 -4.57570726105938 2
2.4257744029045 -3.81341844223376 2
1.32135218400201 -6.21382658441864 2
1.78482138915907 -4.49868064056038 2
-2.10587735350225 -3.29503428097313 2
2.52084918773825 -6.10684402941203 2
2.98251628295537 -5.78015566585659 2
-0.220656232129621 -4.44132578434716 2
-2.24051350409303 -7.45826333861182 2
1.40076622950643 -5.67525905607476 2
2.41423053558826 -3.36443343077698 2
-3.64162148711064 -5.29295444574689 2
1.3002845978526 -4.42103304792467 2
1.75193897232922 -5.0929018226025 2
-0.459022356832213 -5.3691953213786 2
0.602079689427149 -4.88622017148362 2
-0.553319763787293 -4.28859685367867 2
1.08918471029641 -7.32092379231986 2
4.14865350673306 -5.63076340523281 2
0.143554704806297 -8.07718873617122 2
1.20236725107187 -5.67387864542654 2
-1.68877504003582 -6.8358213024419 2
2.21791463804806 -3.2163069577077 2
-5.43706376843779 -4.13816511106068 2
-2.67770940228989 -3.99020095779502 2
-1.83255116493572 -6.28351575008702 2
-2.7654343714207 -7.02993330977032 2
-2.10376568193016 -4.54257728186041 2
-3.78795131922768 3.55051242428615 2
2.706351065298 -6.73782107829461 2
-1.63655633709294 -4.50342393923173 2
-0.189216975008821 -7.63980405230694 2
-0.294803278707309 -3.68784077662675 2
-1.68023057933618 -3.8043860051572 2
-0.952079637624598 -6.77551825298115 2
1.9845077694488 -4.91290610001329 2
2.60597105853818 -3.82459153910668 2
-2.53123173883039 -6.62089799483972 2
-0.907498714229487 -3.97087113418322 2
-2.00383207084919 -2.66919883921921 2
0.931446467107784 -9.07939264928268 2
-1.9016538260346 -5.41604157465522 2
-4.68875980756298 -8.6727474218831 2
-1.48110916010316 -4.12868734002401 2
-0.645463213925942 -1.99572756117238 2
1.5053548838577 -5.23734739410396 2
-3.33840834533733 -1.71819146507162 2
2.99396966579388 -2.96740916869423 2
-1.23080363307757 -2.50314299446736 2
2.02639174837617 -4.06377193893262 2
-1.2352787120451 -7.67118127354499 2
-0.707105229431441 -1.15256604444726 2
-0.814723776749847 0.443050534125989 2
1.02578360660797 -1.82152029158253 2
-1.6573155788301 -5.63460655888247 2
-0.817957034548499 -3.38741673094249 2
-0.385015283192412 -2.81144294533951 2
-0.560770576730319 -2.36401484336498 2
1.37676282757091 -6.62892704035101 2
0.320627559026907 -8.72543007952872 2
3.02903046855663 -5.79890208160433 2
-1.9131763271162 -10.8614542221992 2
-0.0060806899515692 -8.21485902945825 2
3.49651228233756 -7.11225102318114 2
1.59378228319221 -3.148856266016 2
-1.21737313006371 -4.20323389974703 2
3.57527479496724 -2.04886625518019 2
-4.55278278262722 -3.39623298544673 2
1.15858179679911 -5.31694017074692 2
-1.86295562511294 -7.47676899486355 2
1.01782173875148 -2.41414571352315 2
-2.80386011968537 -7.19554763070237 2
-0.826878720617278 -4.72222551397683 2
2.20141727867817 -5.81774012766739 2
3.71109665471357 -3.02732536940434 2
1.60004329076792 -5.00904503594331 2
-0.28253065202764 -5.03690770122166 2
-0.777860260842617 -5.18215265107285 2
-2.59091476923886 -5.20149599310103 2
-2.71021357098229 -4.22174405377497 2
-0.930262925788074 -3.48603101959445 2
0.425247373066984 -4.18472342549509 2
1.59243712082648 -4.24057353124615 2
0.0815560673932733 -1.6618511607188 2
-3.07606860186345 -5.15286396112453 2
3.93585800927047 -5.48654276390921 2
-0.318577845763032 -7.05211436379642 2
0.881978513763849 -6.21776036263701 2
-1.46159745970196 -3.5362538266377 2
0.512830518087496 -6.08438207669543 2
1.88713281082263 -0.919593000920892 2
-5.8374574676206 -3.01045268606022 2
-1.60090698784662 -5.17567740606737 2
2.79697910985647 -3.60737546556029 2
-2.16693592500398 -6.59252150594215 2
1.84983916014334 -2.80217920467772 2
-3.34862769100403 -1.75708397936666 2
2.75078538189733 -6.62785103657021 2
2.08082784014102 -6.23919990033359 2
-4.96628066590945 -5.07788588797508 2
-2.48551875432229 -6.44309761902364 2
-2.25320232159182 -3.27025054715298 2
4.19986166261307 -1.73098539403968 2
-4.85577934247841 -6.09538108274708 2
0.850653637021482 -3.24344560241537 2
