0.0897422232061561 0.895549354012162 1
0.48503581003317 0.239485493206938 1
0.666478068244531 1.87725114315935 1
0.659181547482251 2.86600517893666 1
0.00363101393219605 2.01683051552317 1
-0.500906388747235 1.85046783760442 1
2.09978184025142 1.61373656852776 1
0.290879439579445 1.65007728560704 1
0.0877089568000523 3.33534286947587 1
0.248611970434264 3.39676778301583 1
0.725144515816086 3.33264206047145 1
0.567198968089923 1.36621161173622 1
-0.24344515901099 1.45394007578621 1
0.238806652099672 2.12122222506848 1
-0.425826371326142 2.264098140046 1
-0.126415390752011 3.8588592519501 1
0.376015702821802 2.1870290430644 1
0.344447250524601 3.33074278334955 1
0.672766404243198 0.563101567527176 1
-1.02881050577892 1.72682853271943 1
0.318321979113963 3.13816074366621 1
0.113459192759371 3.44379291543118 1
1.84618969599974 2.04299557004113 1
-0.333323960355967 2.02725098525883 1
0.382309788426423 1.57092234644407 1
0.513850803790596 -0.170744027802334 1
0.179141545888357 1.92251894393021 1
-0.154795893617638 2.61982244514177 1
-0.294319832370177 3.13844002350247 1
0.883772508384959 2.1583841660635 1
0.596678997880303 1.97273933296847 1
1.97155544940161 1.39502170446364 1
0.330154064189059 2.74488845375433 1
1.63795686693253 1.61699880456951 1
0.0211555068781989 1.61615495341569 1
0.109804123528471 2.98427002966273 1
-1.34797259584733 2.24556777854477 1
0.671260026954072 2.13210872572612 1
-0.659804688674088 2.79177008107272 1
0.348368760474912 3.02982940938407 1
1.11713559384228 3.07251764314097 1
-2.06726221122541 1.16239009567111 1
-2.47702922381783 0.590140123295914 1
1.45520296028835 0.830771586004859 1
-0.832183597851137 2.09662943729532 1
-1.81283639742491 0.639280627256391 1
0.0484638940361945 -0.388643463169875 2
-1.45520329123954 -0.585588923898207 2
2.62675551516406 -0.866005464379275 2
-0.0905589014092611 -1.90628616159707 2
-0.635681364898662 -0.41199507794619 2
0.220357738602072 0.517965565810468 2
-1.61982461239684 -0.805600018469289 2
-0.632939456807883 -1.61387102359909 2
1.46262697232247 -1.3421653041946 2
-0.511080566754784 -0.545796962642808 2
0.891453356733838 -0.704331523817309 2
0.13733954065111 -1.1131378021816 2
-0.545587271813632 -2.19548702093523 2
-0.0307020774741191 -0.201896459551893 2
-0.668390940055587 -0.889937307177926 2
-0.631969325777031 -1.53547053529071 2
-0.0719263736809287 -0.767311841509681 2
0.551104231121998 -1.77419658719653 2
0.184492378721977 -0.845643595382141 2
0.0162473061202433 -1.17947356301781 2
-0.548259459570875 -0.775898231373509 2
-1.06927442843907 -3.34698928392539 2
0.50736788976617 -1.91901061883488 2
0.833489857859145 -1.97050362120609 2
0.734598488266292 -1.18131039422216 2
-1.2650693014836 -1.98894301980921 2
-0.544550860288778 -0.889658603721717 2
-0.759486238491349 -0.732706910458583 2
-1.0811829805018 -1.76257099958825 2
0.659133644325904 1.05673328951914 2
-0.178979833765667 -2.9256984252996 2
-0.763425692830575 -1.62837155690867 2
-0.0977586458628473 -1.9700613449136 2
0.218422951254242 -0.470722821014913 2
-0.947140416150498 -1.1782841062174 2
-0.111772126402614 -0.295768859923914 2
0.593809269713179 -1.12857128093134 2
-2.65011940111724 -1.19381498654307 2
-1.32708846329257 -1.56029127765462 2
-1.52198769417132 -0.693800920326358 2
1.29777621292591 -0.178093721343244 2
0.638643709672845 -0.54187895450298 2
-0.580416538290194 0.0395755117615044 2
-0.941754506141053 -0.763772115624543 2
-1.30503394483487 -1.21494058054896 2
-0.389436789050355 -0.289573008467351 2
1.35710777923334 -1.39923877945349 2
0.132513463988488 -0.988100264696132 2
-1.77957107239431 -0.442822089359757 2
0.534782816310224 -2.01933151082297 2
0.0211440220302049 -0.154459062680887 2
-0.595699490541478 -1.50618574248621 2
0.405489097910313 -0.976142888627744 2
1.16570485023609 -1.28756826672722 2
